4.07,29,0,-5,8,0,0,3,97,4,31,3,3,3,2,266
4.07,29,0,-5,8,-1,-7,3,97,5,32,3,3,3,2,266
4.07,29,0,-7,6,4,4,9,42,5,46,3,3,3,2,266
4.07,29,0,-7,7,-11,13,-8,40,6,47,3,3,3,2,267
4.07,29,1,-6,6,0,1,-2,49,7,45,3,3,3,2,267
4.07,29,1,-7,6,2,-14,14,36,9,47,2,3,3,2,267
4.07,29,0,-8,7,-6,25,-20,356,6,50,3,3,3,2,267
4.07,29,1,-6,5,-10,33,-14,357,7,48,3,3,3,2,267
4.07,29,0,-7,4,-2,0,13,354,1,49,3,3,3,2,267
4.07,29,0,-6,5,-20,30,-17,12,4,52,3,3,3,2,267
4.07,29,1,-7,4,3,-28,29,6,0,53,3,3,3,2,267
4.07,29,-1,-11,9,24,18,-13,14,2,53,3,3,3,2,267
4.07,29,0,-4,3,-26,12,-9,31,1,54,3,3,3,2,267
4.07,29,0,-12,6,-6,21,0,42,2,60,3,3,3,2,267
4.07,29,1,-5,2,2,-25,26,41,6,59,3,3,3,2,267
4.07,29,0,-11,4,0,4,7,38,4,56,3,3,3,2,268
4.07,29,1,-11,5,-12,33,0,33,2,59,3,3,3,2,268
4.07,29,0,-11,-1,-19,-36,0,45,6,60,3,3,3,2,268
4.07,29,0,-6,2,-1,6,-16,49,3,56,3,3,3,2,268
4.07,29,0,-7,3,-21,22,0,41,-2,62,3,3,3,2,268
4.07,29,0,-7,1,4,0,-8,41,1,66,3,3,3,2,268
4.07,29,-2,-6,-4,59,107,-4,86,-9,115,3,3,3,3,268
4.07,29,0,-9,-1,-8,-21,-12,110,2,90,3,3,3,3,268
4.07,29,7,-6,4,-5,-81,-69,137,59,14,3,3,3,3,268
4.07,29,9,0,-1,1,1,3,176,84,-5,2,3,3,3,268
4.07,29,9,1,0,-10,0,2,197,78,-86,3,3,3,3,268
4.07,29,9,1,0,-11,-1,-5,201,81,-87,3,3,3,3,268
4.07,29,9,1,0,1,2,0,201,81,-81,3,3,3,3,269
4.07,29,9,0,0,2,3,-1,195,85,-4,3,3,3,2,269
4.07,29,9,1,0,-2,-1,0,198,82,-81,3,3,3,2,269
4.07,29,9,1,0,0,0,0,199,81,-83,3,3,3,2,269
4.07,29,9,2,1,4,3,0,208,75,-78,2,3,3,3,269
4.07,29,0,-1,10,44,15,-76,307,0,10,2,3,3,3,269
4.07,29,0,-1,7,7,1,23,337,2,6,2,3,3,3,269
4.07,29,-1,0,9,14,9,8,128,-7,-3,3,3,3,3,269
4.06,29,-3,0,10,9,-2,10,228,-3,6,3,3,3,3,269
4.07,29,-2,0,8,1,7,70,11,-3,-11,0,3,3,3,269
4.07,29,-3,-2,9,7,-12,55,93,-3,1,2,3,3,3,269
4.07,29,-2,1,9,-2,9,22,278,-8,-9,2,3,3,3,269
4.07,29,0,-1,10,13,0,4,1,-3,-2,0,3,3,3,270
4.07,29,-2,-1,11,-11,0,56,52,-3,-8,2,3,3,3,270
4.07,29,0,3,11,6,1,44,18,-20,-17,3,3,3,3,270
4.07,29,-1,0,9,-25,-5,44,199,-10,0,2,3,3,3,270
4.07,29,-1,0,8,-14,-4,83,176,-2,-21,3,3,3,3,270
4.07,29,-2,0,10,-1,8,42,272,-15,0,1,3,3,3,270
4.07,29,-2,0,9,14,1,39,86,-27,-4,2,3,3,3,270
4.07,29,0,0,9,15,16,-57,100,-6,12,0,3,3,3,270
4.07,29,-1,-1,9,2,-13,5,149,11,4,3,3,3,3,270
4.07,29,0,0,10,12,-4,-8,182,-4,2,3,3,3,3,270
4.06,29,0,0,10,-3,19,46,53,-15,-7,0,3,3,3,270
4.07,29,-1,-1,10,1,-9,63,339,-6,7,0,3,3,3,270
4.07,29,-1,-1,8,15,-10,57,125,-1,-8,3,3,3,3,271
4.06,29,-1,-2,10,19,-3,77,163,-5,0,2,3,3,3,271
4.07,29,-1,-1,10,0,-3,86,305,11,-19,3,3,3,3,271
4.07,29,0,0,11,19,9,33,16,-13,-8,0,3,3,3,271
4.07,29,-1,0,9,-7,-8,53,48,-4,0,2,3,3,2,271
4.07,29,-2,0,9,-2,3,12,218,-7,3,3,3,3,2,271
4.06,29,0,-1,9,-11,-11,64,273,5,0,2,3,3,2,271
4.07,29,-1,0,8,-2,15,19,85,-5,6,2,3,3,2,271
4.07,29,-1,-1,10,3,9,7,319,-13,5,2,3,3,2,271
4.06,29,-1,0,8,1,5,-44,233,-10,7,3,3,3,2,271
4.07,29,-1,0,10,7,2,-18,90,-12,3,1,3,3,3,271
4.07,29,-2,0,4,0,26,-72,95,-10,11,3,3,3,3,271
4.06,29,0,-1,10,11,10,-86,58,0,8,2,3,3,3,272
4.07,29,-2,1,10,12,18,5,178,-23,6,3,3,3,3,272
4.07,29,-2,0,7,-5,-19,68,26,-18,-15,2,3,3,3,272
4.07,29,-1,0,10,-8,-3,37,312,-5,-21,0,3,3,3,272
4.07,29,-2,-1,10,-5,16,-65,91,1,17,3,3,3,3,272
4.07,29,1,2,11,0,18,-37,54,8,13,2,3,3,3,272
4.07,29,-2,0,10,0,-8,-17,340,0,11,3,3,3,3,272
4.07,29,-1,0,8,-23,14,-84,300,6,-9,3,3,3,3,272
4.06,28,1,2,12,10,-1,-48,219,12,2,3,3,3,3,272
4.06,29,-1,0,10,10,20,-116,144,5,1,2,3,3,3,272
4.07,28,0,-2,12,-12,-2,-81,355,8,1,3,3,3,3,272
4.07,28,0,0,6,-9,19,-66,282,6,13,1,3,3,3,272
4.07,28,0,1,13,8,0,-17,194,-4,18,3,3,3,3,273
4.06,28,-1,-1,10,-8,17,-23,91,-14,4,0,3,3,3,273
4.07,28,0,0,7,27,13,-48,8,-23,13,0,3,3,3,273
4.07,28,-4,-1,12,-11,5,26,301,-26,14,2,3,3,3,273
4.07,28,-3,0,6,-36,19,153,282,-11,11,3,3,3,3,273
4.06,28,0,-1,10,12,3,22,182,-4,9,0,3,3,3,273
4.07,28,0,1,12,5,-1,45,306,-7,-19,3,3,3,3,273
4.06,28,0,0,7,5,13,50,328,-9,0,2,3,3,3,273
4.06,28,-1,2,11,-5,0,42,51,9,-17,2,3,3,3,273
4.06,28,-3,1,8,-25,18,39,252,5,12,3,3,3,3,273
4.06,28,-1,-1,8,-8,-18,64,347,-10,-15,0,3,3,3,273
4.06,28,-2,0,12,0,7,44,97,-12,24,3,3,3,3,273
4.07,28,0,-1,9,-5,-21,56,183,1,-8,3,3,3,3,274
4.07,28,-1,3,12,0,3,-7,95,-7,-11,3,3,3,3,274
4.06,28,0,0,11,17,4,0,119,-17,-3,2,3,3,3,274
4.07,28,1,-1,10,24,21,-52,138,-5,19,3,3,3,3,274
4.06,28,-2,0,10,1,0,-25,158,13,12,3,3,3,3,274
4.07,28,-1,0,6,5,23,-40,340,-18,6,3,3,3,3,274
4.07,28,0,0,11,-8,17,-7,338,9,-6,3,3,3,3,274
4.06,28,-3,-1,7,-23,-3,-39,216,-10,17,3,3,3,3,274
4.06,28,0,2,10,2,28,-48,135,-2,-2,3,3,3,3,274
4.06,28,-2,0,11,-10,7,-18,17,-16,20,3,3,3,3,274
4.06,28,1,0,6,31,19,15,263,-12,0,3,3,3,3,274
4.07,28,-3,-4,10,-11,-17,151,157,-22,9,3,3,3,3,274
4.07,28,-2,-2,8,-22,-6,60,197,-5,12,2,3,3,3,275
4.07,28,1,-3,13,14,7,-38,67,0,10,3,3,3,3,275
4.06,28,0,-1,8,10,-18,65,165,-4,-14,3,3,3,3,275
4.06,28,-3,-1,9,-3,-23,108,139,-17,0,3,3,3,3,275
4.06,28,-2,0,10,-26,0,66,237,7,15,3,3,3,3,275
4.06,28,-2,-2,9,-12,-33,73,308,-6,-11,3,3,3,3,275
4.07,28,-2,-2,13,-21,-4,93,16,-16,21,3,3,3,3,275
4.06,27,-3,-1,8,-35,-24,74,82,-1,9,3,3,3,3,275
4.06,27,0,-3,10,16,14,32,251,6,10,3,3,3,3,275
4.07,28,-2,0,5,-31,-23,79,267,3,2,3,3,3,3,275
4.06,27,-1,-2,11,-15,-3,18,89,-4,15,2,3,3,3,275
4.06,27,-2,0,8,-9,17,60,35,4,14,3,3,3,3,275
4.06,27,1,0,10,18,-19,13,107,3,-7,2,3,3,3,276
4.06,27,-1,0,11,17,11,-2,246,4,6,2,3,3,3,276
4.06,27,0,-1,8,14,-27,74,337,-4,-1,3,3,3,3,276
4.06,27,-3,-1,11,3,-7,48,11,-16,16,2,3,3,3,276
4.06,27,0,0,9,21,8,34,205,-13,-9,3,3,3,3,276
4.06,27,0,0,9,15,30,22,235,0,12,3,3,3,3,276
4.06,27,0,2,7,1,34,28,90,-21,-1,3,3,3,3,276
4.07,27,-7,1,13,-9,-4,77,320,-25,2,3,3,3,3,276
4.06,27,-2,0,8,-21,-11,10,68,-2,13,3,3,3,3,276
4.06,27,-1,-1,7,11,-22,25,151,-23,2,3,3,3,3,276
4.06,27,-3,0,12,-4,5,62,85,-29,-14,2,3,3,3,276
4.06,27,-1,-2,7,-19,-28,51,293,-2,-16,3,3,3,3,277
4.06,27,0,0,11,0,11,0,155,14,8,3,3,3,3,277
4.06,27,-2,-1,9,-39,12,55,82,-8,18,3,3,3,3,277
4.07,27,0,0,10,3,10,-17,335,0,2,3,3,3,3,277
4.06,27,-2,-1,7,-34,-18,44,298,2,-4,3,3,3,3,277
4.06,27,-3,1,10,-25,6,47,236,11,-12,2,3,3,3,277
4.06,27,1,0,10,15,19,30,312,-22,-3,3,3,3,3,277
4.06,27,2,0,13,3,23,-8,67,11,-11,3,3,3,3,277
4.06,27,0,-2,10,-18,-10,26,320,-4,9,3,3,3,3,277
4.06,27,-1,-3,9,15,-3,57,128,-7,22,3,3,3,3,277
4.06,27,-2,0,4,-35,8,34,151,1,13,3,3,3,3,277
4.06,27,-2,1,11,-7,9,72,198,-2,-15,2,3,3,3,277
4.06,26,0,-1,8,7,-17,59,171,-16,-2,2,3,3,3,278
4.06,26,-3,-2,11,-32,12,146,174,-16,11,3,3,3,3,278
4.06,26,-3,0,10,-31,8,78,216,1,-6,0,3,3,3,278
4.06,26,-2,1,10,2,8,79,285,-13,-24,3,3,3,3,278
4.06,26,0,0,6,19,13,10,295,-13,0,0,3,3,3,278
4.06,26,-2,1,11,-2,7,73,94,-14,-15,3,3,3,3,278
4.06,26,0,0,7,19,-4,24,67,-21,6,3,3,3,3,278
4.06,26,-1,-2,10,-30,1,99,89,-11,19,3,3,3,3,278
4.06,26,0,1,10,20,10,33,314,-12,5,3,3,3,3,278
4.06,26,2,1,11,5,-4,20,58,6,-11,2,3,3,3,278
4.06,26,-1,-1,6,-11,-31,101,21,-16,-10,3,3,3,3,278
4.06,26,-1,0,11,-1,-1,7,166,7,15,3,3,3,3,278
4.06,26,0,0,9,17,8,54,308,-16,0,2,3,3,3,279
4.06,26,-1,0,10,1,14,11,0,12,15,0,3,3,3,279
4.06,26,0,1,8,9,20,12,188,-9,-2,3,3,3,3,279
4.06,26,0,-1,8,24,1,-1,351,-13,-24,3,3,3,3,279
4.06,26,-5,1,13,-47,-8,154,216,2,-7,3,3,3,3,279
4.06,26,-3,-2,10,-29,5,129,340,-16,10,3,3,3,3,279
4.06,26,-2,0,9,-36,-11,52,43,-8,-7,3,3,3,3,279
4.06,26,0,0,9,-16,-3,52,203,1,19,3,3,3,3,279
4.06,25,0,-1,6,11,-17,65,309,-5,-11,3,3,3,3,279
4.06,25,-4,0,12,-6,1,95,345,-9,16,3,3,3,3,279
4.06,25,-2,0,5,-38,0,78,15,7,-1,2,3,3,3,279
4.06,25,0,-4,12,23,15,-24,197,-10,23,1,3,3,3,279
4.06,25,0,1,5,0,25,-1,134,-9,11,3,3,3,3,280
4.06,25,-2,4,10,6,-1,62,244,-2,-13,3,3,3,3,280
4.06,25,-1,-2,11,-9,-23,70,240,-19,4,2,3,3,3,280
4.06,25,-1,0,9,18,-19,29,89,-3,-14,3,3,3,3,280
4.06,25,0,-1,13,22,13,0,251,12,6,3,3,3,3,280
4.06,25,-2,0,9,-34,-20,107,225,3,1,3,3,3,3,280
4.06,25,-2,-1,10,-21,-13,88,253,-24,-7,3,3,3,3,280
4.06,25,0,0,7,4,-18,22,91,5,-6,3,3,3,3,280
4.06,25,-3,0,11,-33,-4,75,0,-1,-15,3,3,3,3,280
4.06,25,-1,-1,8,-21,-18,32,200,-2,22,3,3,3,3,280
4.06,25,-1,1,5,-1,22,17,76,-2,0,3,3,3,3,280
4.06,25,1,-1,12,-8,0,52,83,11,-2,3,3,3,3,280
4.06,25,0,1,6,38,5,-1,221,-10,14,3,3,3,3,281
4.06,25,-3,-1,11,-19,-2,124,144,-36,14,3,3,3,3,281
4.06,25,-1,0,8,-34,23,79,173,-8,19,3,3,3,3,281
4.06,25,0,3,13,-4,11,57,219,7,-13,3,3,3,3,281
4.06,25,0,-3,6,-11,-38,72,180,-5,0,3,3,3,3,281
4.06,25,-4,-1,11,-20,-13,62,289,-1,12,3,3,3,3,281
4.06,25,-3,0,9,-48,19,156,276,6,-5,3,3,3,3,281
4.06,25,-1,-1,10,-35,9,128,64,-30,4,3,3,3,3,281
4.06,25,-3,1,4,-41,9,66,108,-6,2,3,3,3,3,281
4.06,25,0,4,12,-12,1,73,116,-4,-6,3,3,3,3,281
4.06,25,1,-1,7,26,-11,46,118,-14,-4,3,3,3,3,281
4.06,24,-2,-2,12,14,-15,46,117,-19,17,3,3,3,3,281
4.06,24,-1,-1,9,-18,-15,52,185,13,15,3,3,3,3,282
4.06,24,0,-1,6,21,-4,43,313,-20,-1,0,3,3,3,282
4.06,24,-2,-2,11,-8,-2,53,266,-27,17,2,3,3,3,282
4.06,24,0,-4,10,1,-26,19,100,-11,1,2,3,3,3,282
4.06,24,0,0,9,14,26,-42,85,-26,3,3,3,3,3,282
4.06,24,1,0,13,33,9,-36,79,-2,12,2,3,3,3,282
4.06,24,0,1,8,-7,28,25,318,-11,15,2,3,3,3,282
4.06,24,-4,0,13,-37,-2,129,54,-7,-22,3,3,3,3,282
4.06,24,0,0,10,1,13,19,102,-26,-2,2,3,3,3,282
4.06,24,-1,0,10,-34,-10,88,270,-6,-11,3,3,3,3,282
4.06,23,-2,0,6,-39,20,100,50,-4,8,3,3,3,3,282
4.06,23,0,0,11,-7,23,50,5,4,2,3,3,3,3,282
4.06,23,-2,0,9,-12,11,10,193,-16,15,3,3,3,3,283
4.06,23,-1,0,9,-24,-22,74,320,-4,-11,2,3,3,3,283
4.06,23,0,-1,13,-23,1,85,69,-18,18,3,3,3,3,283
4.06,23,-1,-2,8,-2,-29,98,196,-4,-15,3,3,3,3,283
4.06,23,-1,1,11,0,5,30,72,2,-1,0,3,3,3,283
4.06,23,0,0,3,-4,31,16,204,-7,4,2,3,3,3,283
4.06,23,-4,2,12,-21,-8,85,328,-15,-14,3,3,3,3,283
4.06,23,-1,0,8,-18,22,21,39,-10,13,3,3,3,3,283
4.06,23,-3,0,5,-45,-3,131,68,3,-7,2,3,3,3,283
4.06,23,3,2,13,-5,7,61,335,19,-7,3,3,3,3,283
4.06,23,-1,0,10,21,-16,56,39,-12,-23,2,3,3,3,283
4.06,22,1,-1,9,12,-16,72,6,-20,-12,3,3,3,3,283
4.06,22,0,1,9,-18,-6,46,104,-6,24,3,3,3,3,284
4.06,22,-3,-1,10,-28,-19,61,147,-14,-4,3,3,3,3,284
4.06,22,-3,2,10,-10,17,50,143,-31,-5,3,3,3,3,284
4.06,22,-3,-3,12,-25,-19,63,343,-8,-6,3,3,3,3,284
4.06,22,-1,0,10,-41,2,82,111,-10,11,3,3,3,3,284
4.06,22,1,1,8,17,11,77,303,-14,6,3,3,3,3,284
4.06,22,-4,-1,12,-7,-21,85,199,-20,0,3,3,3,3,284
4.06,22,-1,-2,10,-24,-13,82,281,1,15,3,3,3,3,284
4.06,22,1,0,6,30,16,6,72,-18,-4,3,3,3,3,284
4.06,22,-1,2,8,-27,3,89,205,-6,-3,3,3,3,3,284
4.06,22,0,2,6,18,38,10,306,-1,1,3,3,3,3,284
4.06,22,-4,1,10,-33,0,131,64,-14,-26,3,3,3,3,284
4.06,22,-2,0,12,-22,3,110,174,-18,28,3,3,3,3,285
4.06,22,0,0,8,10,19,37,59,-16,-3,3,3,3,3,285
4.06,21,0,0,10,16,11,6,40,-8,7,3,3,3,3,285
4.06,21,-5,0,12,-12,-4,85,205,-26,-6,1,3,3,3,285
4.06,21,-2,0,8,-38,10,94,267,5,26,3,3,3,3,285
4.06,21,-2,0,7,-42,4,89,255,5,9,3,3,3,3,285
4.06,21,-4,3,11,-4,11,30,291,0,-7,3,3,3,3,285
4.06,21,-2,0,7,-40,-4,113,119,-5,-6,0,3,3,3,285
4.06,21,-3,3,11,-3,4,32,137,-2,-12,0,3,3,3,285
4.06,21,-2,0,4,-39,7,73,282,9,11,3,3,3,3,285
4.06,21,-3,1,10,-35,-10,105,283,-1,-5,3,3,3,3,285
4.06,21,0,1,11,0,10,57,270,-8,-14,3,3,3,3,285
4.06,21,1,-1,7,19,-21,51,214,-3,-7,3,3,3,3,286
4.06,20,-1,-4,10,8,-13,55,178,-18,5,3,3,3,3,286
4.06,20,0,0,13,3,11,3,301,14,1,3,3,3,3,286
4.06,20,-2,-2,9,-15,-33,73,270,10,0,3,3,3,3,286
4.06,20,0,0,8,28,-2,43,352,-18,2,3,3,3,3,286
4.06,20,-3,0,8,-34,-18,160,192,-15,-15,1,3,3,3,286
4.06,20,-2,-1,10,7,2,34,268,-12,21,3,3,3,3,286
4.06,20,-1,2,9,11,5,46,84,-17,-23,3,3,3,3,286
4.06,20,-3,0,10,-18,-32,111,5,-11,-18,3,3,3,3,286
4.06,20,0,0,8,14,8,60,314,-8,-16,3,3,3,3,286
4.06,20,-2,-1,12,-54,-10,137,167,-5,-7,3,3,3,3,286
4.06,20,0,0,9,4,-9,63,106,0,5,3,3,3,3,286
4.06,20,-2,-2,14,-5,-26,94,122,-24,11,3,3,3,3,287
4.06,19,0,0,8,-22,-23,70,241,16,3,3,3,3,3,287
4.06,19,-2,0,14,-10,-25,117,318,-25,-5,3,3,3,3,287
4.06,19,-1,0,8,-37,13,135,348,-23,12,3,3,3,3,287
4.06,19,-4,1,11,-40,0,102,58,-10,-7,3,3,3,3,287
4.06,19,0,-1,8,24,-11,36,37,-11,-12,2,3,3,3,287
4.06,19,-5,0,12,-41,-8,150,265,-10,-13,3,3,3,3,287
4.06,19,-2,0,9,-1,-21,57,192,1,-14,3,3,3,3,287
4.06,19,-2,-4,13,-12,-28,103,158,-23,-8,3,3,3,3,287
4.06,19,-2,-2,9,-28,3,95,213,-15,19,3,3,3,3,287
4.06,19,-3,1,7,-38,16,80,217,3,4,3,3,3,3,287
4.06,19,-1,3,12,-4,15,80,271,-9,-18,3,3,3,3,287
4.06,19,-2,-2,5,-31,-30,96,151,1,-5,3,3,3,3,288
4.06,18,-2,-2,12,5,-20,105,223,-21,10,3,3,3,3,288
4.06,18,-3,0,10,-27,0,42,228,-15,20,3,3,3,3,288
4.06,18,-2,2,8,-12,24,32,197,4,7,3,3,3,3,288
4.06,18,-1,-1,9,-10,-1,79,82,-14,18,3,3,3,3,288
4.06,18,-2,2,6,-22,28,42,38,-3,3,2,3,3,3,288
4.06,18,0,2,10,6,22,19,57,6,-14,3,3,3,3,288
4.06,18,-1,-1,6,-41,-9,82,301,5,5,3,3,3,3,288
4.06,18,-6,2,12,-7,-4,63,56,-28,1,3,3,3,3,288
4.06,18,-2,1,6,-29,27,79,88,-4,13,0,3,3,3,288
4.06,18,-2,0,12,-29,21,72,116,5,4,3,3,3,3,288
4.06,18,-4,2,11,-9,13,27,240,-15,-3,2,3,3,3,288
4.06,17,-2,0,5,-33,-6,126,326,0,-11,3,3,3,3,289
4.06,17,-2,-1,10,-4,-6,99,129,-15,27,3,3,3,3,289
4.06,17,0,1,6,8,23,22,26,-22,3,3,3,3,3,289
4.06,17,-2,0,12,-18,18,103,174,-13,-6,1,3,3,3,289
4.06,17,-2,0,6,-37,14,91,251,-10,21,2,3,3,3,289
4.06,17,-3,-7,9,5,-27,34,30,-12,-5,3,3,3,3,289
4.06,17,-1,1,12,-9,21,61,2,-14,6,3,3,3,3,289
4.06,17,-1,0,3,-20,16,33,37,9,6,3,3,3,3,289
4.06,17,-1,2,12,-34,9,92,76,1,-15,3,3,3,3,289
4.06,17,0,1,9,9,-9,50,63,0,-19,2,3,3,3,289
4.06,17,-2,-2,7,-15,-34,75,353,-8,-6,0,3,3,3,289
4.06,16,-3,0,12,-4,-4,77,73,-15,24,2,3,3,3,290
4.06,16,-3,0,10,-26,16,86,46,-11,26,3,3,3,3,290
4.06,16,-2,-1,7,-49,-8,95,97,12,-1,3,3,3,3,290
4.06,16,0,-2,12,14,-2,25,251,-14,16,2,3,3,3,290
4.06,16,-1,2,10,10,22,14,101,-11,-7,1,3,3,3,290
4.06,16,-2,-1,5,-28,-26,70,284,-13,-14,2,3,3,3,290
4.06,16,-2,1,10,-25,6,22,191,8,-22,2,3,3,3,290
4.06,16,-1,1,12,4,-1,0,147,12,-28,2,3,3,3,290
4.06,16,-1,-1,8,-12,-24,23,61,23,3,3,3,3,3,290
4.06,16,-2,0,7,-41,-11,71,1,-3,-11,3,3,3,3,290
4.06,16,-5,2,11,-29,-2,76,335,-5,-22,3,3,3,3,290
4.06,16,-2,-1,12,-13,10,43,98,-15,18,3,3,3,3,290
4.06,15,-1,2,7,11,29,-30,339,-19,5,3,3,3,3,291
4.06,15,-1,-3,8,29,-16,16,216,-19,12,3,3,3,3,291
4.06,15,-1,-2,11,-7,3,64,234,0,31,3,3,3,3,291
4.06,15,-1,-2,10,-15,-31,36,286,16,-3,3,3,3,3,291
4.06,15,-3,2,8,-2,-20,11,274,-10,-15,3,3,3,3,291
4.06,15,-1,0,12,1,0,-90,44,-7,16,3,3,3,3,291
4.06,15,-2,-1,8,-21,0,-33,21,2,0,3,3,3,3,291
4.06,15,0,0,8,-4,7,-76,276,2,7,3,3,3,3,291
4.06,15,-2,2,11,-8,5,-26,212,8,-3,3,3,3,3,291
4.06,15,-3,-3,10,-11,-9,-53,138,5,6,3,3,3,3,291
4.06,15,1,0,8,-7,-3,-53,55,6,-10,0,3,3,3,291
4.06,15,-1,0,9,1,-6,-60,289,-3,5,0,3,3,2,291
4.06,15,-2,0,9,1,-4,-49,202,-9,1,0,3,3,2,292
4.06,14,-2,0,10,-4,-4,-64,89,-7,5,0,3,3,2,292
4.06,14,-1,0,10,-1,0,-65,327,-6,6,2,3,3,2,292
4.06,14,-1,0,9,-3,-6,-41,204,-6,3,0,3,3,2,292
4.06,14,-1,0,9,-8,-2,-45,125,-6,0,0,3,3,2,292
4.05,14,0,0,9,-3,-4,-48,338,-5,0,1,3,3,2,292
4.06,14,-1,0,9,-6,-5,-48,226,-4,2,0,3,3,2,292
4.06,14,0,0,9,0,-6,-60,144,-2,1,2,3,3,2,292
4.06,14,-1,0,10,-6,2,-43,21,-5,4,1,3,3,2,292
4.06,14,-1,0,10,0,-5,-61,243,-3,4,0,3,3,2,292
4.06,14,-1,0,9,-3,1,-42,144,-4,3,1,3,3,2,292
4.06,14,-1,0,9,0,-3,-52,39,-4,3,1,3,3,2,292
4.06,14,0,0,9,-4,1,-44,225,-5,3,0,3,3,2,293
4.06,14,0,0,9,-4,-2,-55,168,-1,4,2,3,3,2,293
4.06,13,0,0,10,-5,2,-43,50,-4,4,0,3,3,2,293
4.06,13,0,0,10,-4,-5,-47,270,-3,3,2,3,3,2,293
4.06,13,-1,0,9,-4,-3,-49,182,-5,4,0,3,3,2,293
4.06,13,-1,0,9,-3,0,-48,70,-5,3,1,3,3,2,293
4.06,13,-1,0,9,-1,-6,-54,298,-2,3,3,3,3,2,293
4.05,13,-2,0,9,0,-1,-55,180,-5,5,0,3,3,2,293
4.06,13,-1,0,9,-1,-2,-50,90,-5,3,0,3,3,1,293
4.06,13,-1,0,9,-1,-5,-50,336,-4,3,3,3,3,1,293
4.06,13,-1,0,10,-1,-3,-57,224,-6,2,0,3,3,1,293
4.06,13,-1,0,9,-2,-4,-40,106,-5,2,0,3,3,1,293
4.05,12,-1,0,9,-5,-3,-51,329,-6,2,1,3,3,1,294
4.06,12,-1,0,9,-4,-5,-36,227,-6,2,0,3,3,1,294
4.06,12,-1,0,9,-3,-5,-52,102,-5,1,0,3,3,1,294
4.06,12,-1,0,9,-1,-5,-38,349,-4,2,0,3,3,1,294
4.06,12,-1,0,9,-2,-5,-53,194,-5,3,0,3,3,1,294
4.05,12,-1,0,9,5,-3,-66,105,-4,1,1,3,3,1,294
4.05,12,-1,0,9,0,2,-50,311,-6,5,0,3,3,1,294
4.06,12,-1,0,9,2,0,-53,166,-6,6,0,3,3,1,294
4.06,12,-1,0,9,-5,0,-61,48,-6,4,3,3,3,1,294
4.06,12,-1,0,9,1,-10,-39,312,-5,0,0,3,3,1,294
4.05,11,-1,0,10,-6,-1,-46,163,-7,3,0,3,3,1,294
4.05,11,-1,0,9,2,-2,-59,41,-3,4,0,3,3,1,294
4.06,11,0,0,10,-7,-1,-40,272,-5,5,0,3,3,1,295
4.06,11,-1,0,9,5,-2,-64,125,-5,4,0,3,3,1,295
4.06,11,-1,0,9,-7,-2,-47,7,-5,5,0,3,3,1,295
4.05,11,0,0,9,2,-4,-45,248,-3,2,0,3,3,1,295
4.06,11,-1,0,9,-3,7,-32,57,-7,4,0,3,3,1,295
4.06,11,-1,0,9,-2,-2,-54,291,-6,4,0,3,3,1,295
4.06,11,0,0,9,0,1,-45,172,-4,1,0,3,3,2,295
4.05,10,-1,0,9,-3,-10,-46,129,-5,2,2,3,3,2,295
4.06,10,0,0,9,4,1,-54,317,-7,0,3,3,3,2,295
4.05,10,-1,0,9,-5,-4,-33,163,-4,3,0,3,3,2,295
4.05,10,-1,0,10,0,0,-65,92,-7,3,0,3,3,2,295
4.05,10,0,0,10,1,-4,-75,315,-5,5,2,3,3,2,295
4.05,10,-1,0,9,4,0,-10,225,-7,0,1,3,3,2,296
4.05,10,-1,0,9,0,4,35,74,-8,1,1,3,3,2,296
4.05,10,-1,0,9,-7,1,22,198,-7,0,1,3,3,2,296
4.05,10,-1,0,9,9,-7,-7,226,-4,-3,0,3,3,2,296
4.05,9,-1,0,10,17,22,-29,358,-13,0,0,3,3,2,296
4.05,9,-1,0,9,-21,22,79,88,-9,5,0,3,3,2,296
4.05,9,-1,0,9,-18,6,98,52,-4,-1,2,3,3,2,296
4.05,9,-1,0,9,0,-5,32,58,-6,0,3,3,3,2,296
4.05,9,-1,0,9,-2,-3,49,283,-10,-2,0,3,3,2,296
4.05,9,-1,0,10,9,-7,-15,262,-7,-3,3,3,3,2,296
4.05,8,-1,0,9,10,2,-25,342,-10,0,3,3,3,2,296
4.05,8,-1,0,9,8,6,-3,65,-6,-1,3,3,3,2,296
4.06,8,-1,0,9,0,-6,39,132,-3,-1,2,3,3,2,297
4.05,8,-1,0,9,-3,0,31,7,-7,0,1,3,3,2,297
4.05,8,-1,0,8,-4,8,38,173,-12,-1,1,3,3,2,297
4.05,8,-1,0,9,8,6,-33,181,-11,-2,0,3,3,2,297
4.05,8,-1,0,10,-13,4,-18,256,-9,5,1,3,3,2,297
4.05,8,-1,0,9,6,-10,-42,118,-3,3,2,3,3,2,297
4.05,8,-1,0,9,5,0,-29,265,-7,0,2,3,3,2,297
4.05,7,0,0,9,1,4,30,275,-7,-2,2,3,3,2,297
4.05,7,-1,0,9,-10,-5,83,291,-5,-4,3,3,3,2,297
4.05,7,-1,0,9,2,0,14,40,-6,1,2,3,3,2,297
4.05,7,-1,0,9,0,0,-7,326,-7,4,0,3,3,2,297
4.05,7,-1,0,9,1,-6,-17,69,-3,1,3,3,3,2,297
4.05,7,-1,0,9,-11,-6,29,62,-6,3,3,3,3,2,298
4.05,7,-1,0,9,-1,7,12,20,-10,0,1,3,3,2,298
4.05,7,-1,0,10,0,0,-1,310,-7,0,3,3,3,2,298
4.05,6,-1,0,10,-2,3,-29,31,-7,3,3,3,3,2,298
4.05,6,-1,0,9,8,-4,-49,234,-6,2,3,3,3,2,298
4.05,6,-1,0,9,0,3,-22,78,-7,0,2,3,3,2,298
4.05,6,-1,0,9,-2,3,14,79,-6,0,1,3,3,2,298
4.05,6,-1,0,9,-5,2,12,317,-9,4,2,3,3,2,298
4.05,6,-1,0,10,-3,-2,-8,326,-5,3,3,3,3,2,298
4.05,6,-1,0,9,2,-6,-21,77,-5,2,3,3,3,2,298
4.05,6,-1,0,9,4,-2,-12,195,-6,-1,3,3,3,2,298
4.05,6,-1,0,9,1,-4,17,159,-6,0,3,3,3,2,298
4.05,6,-1,0,9,-2,-1,7,92,-5,1,3,3,3,2,299
4.05,6,-1,0,9,1,-1,-19,140,-8,1,2,3,3,2,299
4.05,6,-1,0,9,2,-2,-22,241,-8,2,2,3,3,2,299
4.05,5,-1,0,9,2,0,-7,292,-8,0,2,3,3,2,299
4.05,5,-1,0,9,2,2,-23,28,-8,1,3,3,3,2,299
4.05,5,-1,0,9,-2,3,16,69,-9,1,3,3,3,2,299
4.05,5,-1,0,9,1,0,-1,15,-7,-1,3,3,3,2,299
4.05,5,-1,0,9,0,2,-23,79,-8,0,0,3,3,1,299
4.05,5,-1,0,9,2,-2,-15,238,-7,1,0,3,3,1,299
4.05,5,-1,0,9,-4,0,28,191,-9,1,0,3,3,1,299
4.05,5,-1,0,8,0,1,-8,135,-10,0,0,3,3,1,299
4.05,5,-1,0,9,2,-2,-49,314,-6,3,0,3,3,1,299
4.05,5,-1,0,9,5,0,-9,102,-8,0,2,3,3,1,300
4.05,5,-1,0,9,-1,1,-4,119,-8,3,0,3,3,1,300
4.05,5,-1,0,9,0,3,-15,163,-9,2,0,3,3,1,300
4.05,5,-1,0,9,4,-2,-31,284,-4,3,0,3,3,1,300
4.05,5,-1,0,9,10,0,-24,83,-8,0,1,3,3,1,300
4.05,5,-1,0,8,4,7,-23,131,-12,3,0,3,3,2,300
4.05,4,-1,0,8,-6,6,-1,159,-10,5,3,3,3,2,300
4.05,4,-1,0,10,-7,6,10,150,-11,3,2,3,3,2,300
4.05,4,-1,0,9,0,10,-18,160,-10,1,0,3,3,2,300
4.05,4,-1,0,9,-6,0,-16,223,-9,5,1,3,3,2,300
4.05,4,-1,0,9,-4,6,26,252,-12,1,3,3,3,2,300
4.05,4,-1,0,9,2,-2,-3,164,-6,0,3,3,3,2,300
4.05,4,-1,0,8,12,2,-52,312,-6,2,0,3,3,2,301
4.05,4,-1,0,8,-3,-4,-4,67,-4,0,2,3,3,2,301
4.05,4,-1,0,10,-6,-7,17,71,-4,1,3,3,3,2,301
4.05,4,-1,0,8,2,-6,-22,131,-5,0,3,3,3,2,301
4.05,4,-1,0,9,5,5,-2,240,-8,-2,1,3,3,2,301
4.05,4,-1,0,8,-13,0,27,100,-10,4,3,3,3,2,301
4.05,4,-1,0,9,11,-6,-47,186,-6,1,3,3,3,2,301
4.05,4,-1,0,9,2,2,-25,352,-5,0,0,3,3,2,301
4.05,4,-1,0,9,5,-4,-3,77,-7,-2,2,3,3,2,301
4.05,4,-1,0,9,5,2,-6,100,-10,0,3,3,3,2,301
4.05,4,-1,0,9,8,1,2,64,-9,0,3,3,3,2,301
4.05,4,-1,0,9,-8,-2,24,311,-8,1,2,3,3,2,301
4.05,3,-1,0,8,-6,1,13,284,-8,1,3,3,3,2,302
4.05,3,0,0,9,0,4,15,170,-8,0,3,3,3,2,302
4.05,3,-1,0,9,6,9,-50,197,-8,2,2,3,3,2,302
4.05,3,-1,0,9,11,4,-74,159,-9,3,3,3,3,2,302
4.05,3,-1,0,9,8,6,-84,166,-9,8,2,3,3,2,302
4.05,3,-1,0,8,7,-3,-91,245,-5,0,1,3,3,2,302
4.05,3,-1,0,9,5,-3,-56,227,-3,1,1,3,3,2,302
4.05,3,-1,0,9,8,0,-65,158,-4,2,2,3,3,2,302
4.05,3,-1,0,9,0,-3,-45,93,-7,2,3,3,3,2,302
4.05,3,-1,0,9,9,5,-38,304,-8,-1,2,3,3,2,302
4.05,3,-1,0,8,-4,4,-17,86,-9,2,3,3,3,2,302
4.05,3,-1,0,9,-13,-1,20,139,-8,3,2,3,3,2,303
4.05,3,-1,0,9,-7,4,24,78,-7,0,0,3,3,2,303
4.05,3,-1,0,10,0,-1,22,249,-10,3,1,3,3,2,303
4.05,3,-1,0,9,0,7,-5,185,-10,2,2,3,3,2,303
4.05,3,-1,0,10,-2,-2,-14,247,-7,4,3,3,3,2,303
4.05,3,-1,0,9,3,-1,-30,357,-6,4,2,3,3,2,303
4.05,3,-1,0,8,5,5,-30,133,-10,1,3,3,3,2,303
4.05,2,-1,0,9,2,0,8,160,-9,0,3,3,3,2,303
4.05,2,-1,0,8,-7,-6,33,60,-8,1,3,3,3,2,303
4.05,2,-1,0,9,-4,1,16,329,-7,-1,2,3,3,2,303
4.05,2,-1,0,9,1,7,-10,310,-10,0,2,3,3,2,303
4.05,2,-1,0,9,-3,4,-11,0,-10,1,3,3,3,2,303
4.05,2,-1,0,9,-7,1,21,52,-10,0,3,3,3,2,304
4.05,2,-1,0,9,0,3,8,357,-7,-1,1,3,3,2,304
4.05,2,-1,0,8,-6,-1,18,207,-7,5,3,3,3,2,304
4.05,2,-1,0,9,-11,6,34,136,-11,3,3,3,3,2,304
4.05,2,-1,0,9,4,7,-13,65,-10,0,2,3,3,2,304
4.05,2,-1,0,9,-2,-3,-27,162,-6,2,3,3,3,2,304
4.05,2,-1,0,10,17,7,-55,7,-7,-1,0,3,3,2,304
4.05,2,-1,0,9,-14,5,35,151,-10,0,0,3,3,2,304
4.05,2,0,0,8,6,-4,-15,356,-3,4,0,3,3,2,304
4.05,2,-1,0,8,5,-5,-14,24,-1,4,0,3,3,2,304
4.05,2,-1,0,9,6,11,61,131,-14,-4,2,3,3,2,304
4.05,2,-2,0,10,3,-5,90,137,-4,-7,3,3,3,2,304
4.05,2,-1,0,9,10,7,89,190,-9,-9,3,3,3,2,305
4.05,2,-1,0,9,19,14,66,190,-12,-3,3,3,3,3,305
4.05,2,-1,0,9,-18,17,69,345,-9,1,2,3,3,3,305
4.05,2,0,0,8,-18,0,67,280,0,0,3,3,3,3,305
4.05,1,-1,0,9,15,-9,46,355,-6,-5,3,3,3,3,305
4.05,1,-1,0,9,-29,11,51,133,-14,9,0,3,3,3,305
4.05,1,-1,0,10,10,23,-31,62,-13,2,0,3,3,3,305
4.05,1,-1,0,8,28,20,-80,18,-15,1,2,3,3,3,305
4.05,1,-1,0,10,-3,0,-115,113,2,-3,0,3,3,3,305
4.05,1,-1,0,8,-1,-7,-23,136,-2,-2,0,3,3,3,305
4.05,1,-1,0,9,0,-2,-101,46,1,7,1,3,3,3,305
4.05,1,-1,0,9,5,-9,-60,113,-3,-1,2,3,3,3,305
4.05,1,-1,0,9,1,0,-44,309,-4,2,3,3,3,3,306
4.05,1,-1,0,9,3,0,-10,126,-9,0,2,3,3,3,306
4.05,1,-1,0,9,10,4,-3,136,-10,-1,2,3,3,2,306
4.05,1,-1,0,9,9,1,-11,135,-9,-1,1,3,3,2,306
4.05,1,-1,0,9,2,8,-37,184,-9,3,2,3,3,2,306
4.05,1,-1,0,9,12,-3,-46,70,-6,0,3,3,3,2,306
4.05,1,-1,0,9,3,9,-17,157,-9,0,3,3,3,2,306
4.05,1,-1,0,9,-4,6,-21,244,-11,2,3,3,3,2,306
4.05,1,-1,0,8,-10,10,46,251,-13,2,3,3,3,2,306
4.05,1,-1,0,8,18,5,-40,163,-7,-3,1,3,3,2,306
4.05,1,-1,0,8,0,-3,-42,63,-6,7,2,3,3,2,306
4.05,0,-1,0,9,4,0,-30,250,-7,-2,2,3,3,2,306
4.05,1,-1,0,9,3,-3,-38,43,-6,3,2,3,3,2,307
4.05,1,-1,0,8,12,0,-32,226,-6,0,2,3,3,2,307
4.05,0,-1,0,9,1,5,-17,293,-8,1,2,3,3,2,307
4.05,0,-1,0,9,-1,-3,-3,353,-5,0,2,3,3,2,307
4.05,0,-1,0,9,6,-6,-2,20,-7,0,3,3,3,2,307
4.05,0,-1,0,8,8,-2,-9,53,-7,-2,2,3,3,2,307
4.05,0,-1,0,9,5,6,-32,112,-11,1,3,3,3,2,307
4.05,0,-1,0,9,0,4,-2,231,-7,0,2,3,3,2,307
4.05,0,-1,0,9,0,-2,12,190,-5,0,3,3,3,2,307
4.05,0,-1,0,9,1,0,-20,206,-5,1,2,3,3,2,307
4.05,0,-1,0,9,6,1,-15,349,-10,0,0,3,3,2,307
4.05,-1,-1,0,9,4,0,26,325,-8,-2,2,3,3,2,307
4.05,-1,-1,0,9,-9,1,46,108,-7,3,0,3,3,2,308
4.05,-1,-1,0,10,2,9,-3,21,-12,3,2,3,3,2,308
4.05,-1,-1,0,9,3,5,-26,76,-8,2,1,3,3,2,308
4.05,-1,-1,0,9,17,3,-45,289,-8,-2,3,3,3,2,308
4.05,-1,-1,0,8,-4,4,-13,349,-11,2,0,3,3,2,308
4.05,-1,-1,0,9,-5,2,10,52,-9,3,0,3,3,2,308
4.05,-1,-1,0,10,-5,6,-6,42,-8,5,3,3,3,2,308
4.05,-1,-1,0,9,-4,2,-19,127,-6,3,3,3,3,2,308
4.05,-1,-1,0,8,10,-1,-37,276,-10,0,2,3,3,2,308
4.05,-1,-1,0,9,6,6,-20,6,-9,3,2,3,3,2,308
4.05,-1,-1,0,8,-1,5,-3,17,-9,2,3,3,3,2,308
4.05,-1,-1,0,9,0,-1,-26,119,-8,2,3,3,3,2,308
4.05,-1,-1,0,9,0,-7,-28,240,-4,3,3,3,3,2,309
4.05,-1,-1,0,9,2,6,-57,134,-11,1,0,3,3,2,309
4.05,-1,-1,0,9,12,-5,-45,359,-4,0,0,3,3,2,309
4.05,-1,-1,0,10,-8,10,-20,184,-12,3,1,3,3,2,309
4.05,-1,-1,0,9,14,-2,-42,346,-3,0,0,3,3,2,309
4.05,-1,-1,0,8,0,4,-36,196,-15,1,0,3,3,2,309
4.05,-1,-1,0,8,-5,-2,-11,277,-7,7,0,3,3,2,309
4.05,-1,-1,0,9,-2,-4,6,304,-5,5,0,3,3,2,309
4.05,-1,-1,0,8,-6,0,2,289,-6,5,0,3,3,2,309
4.05,-1,-1,0,9,4,-10,-10,13,-3,0,1,3,3,2,309
4.05,-1,-1,0,9,14,7,-52,150,-12,0,2,3,3,2,309
4.05,-1,-1,0,10,2,-8,-8,357,-5,-1,2,3,3,2,309
4.05,-1,-1,0,9,12,-8,-30,95,-7,0,3,3,3,2,310
4.05,-1,-1,0,9,11,1,-24,175,-8,3,3,3,3,2,310
4.05,-2,-1,0,8,5,1,-5,191,-5,0,2,3,3,2,310
4.05,-2,-1,0,9,4,1,-9,237,-8,2,2,3,3,2,310
4.05,-2,-1,0,9,1,1,2,216,-7,2,3,3,3,2,310
4.05,-2,-1,0,8,0,1,-1,180,-7,3,3,3,3,2,310
4.05,-2,-1,0,9,0,0,-4,207,-6,2,3,3,3,2,310
4.05,-2,-1,0,9,-4,-1,-7,215,-6,5,3,3,3,2,310
4.05,-2,-1,0,9,-6,4,-15,298,-7,2,2,3,3,2,310
4.05,-2,-1,0,8,6,-5,-33,77,-8,2,2,3,3,2,310
4.05,-2,-1,0,9,9,4,-17,164,-7,2,3,3,3,2,310
4.05,-2,-1,0,9,3,3,-15,222,-4,0,1,3,3,2,310
4.05,-2,-1,0,9,3,3,-6,287,-8,0,3,3,3,2,311
4.05,-2,-1,0,8,-4,6,4,254,-10,0,2,3,3,2,311
4.05,-2,-1,0,9,-3,6,-5,257,-10,1,2,3,3,2,311
4.05,-2,-1,0,9,0,-2,-15,311,-10,4,2,3,3,2,311
4.05,-2,-1,0,9,10,7,-18,40,-9,0,3,3,3,2,311
4.05,-2,-1,0,9,-3,-1,6,11,-6,1,3,3,3,2,311
4.05,-2,-1,0,9,5,0,-33,94,-8,0,3,3,3,2,311
4.04,-2,-1,0,8,2,0,-11,203,-7,-1,2,3,3,2,311
4.05,-2,-1,0,9,0,-3,-13,267,-8,0,2,3,3,2,311
4.05,-2,-1,0,8,8,-2,-26,13,-6,2,1,3,3,2,311
4.05,-2,-1,0,9,2,0,-21,141,-5,1,3,3,3,2,311
4.04,-2,-1,0,9,0,2,-17,269,-7,0,3,3,3,2,311
4.04,-3,-1,0,9,-2,-1,0,286,-8,-1,0,3,3,2,312
4.05,-3,-1,0,9,-2,1,-37,37,-11,4,1,3,3,2,312
4.05,-3,-1,0,8,8,-6,-22,189,-5,0,3,3,3,2,312
4.05,-3,-1,0,9,3,5,-22,268,-8,1,2,3,3,2,312
4.04,-3,-1,0,10,1,8,8,306,-9,0,3,3,3,2,312
4.04,-3,-1,0,8,0,-3,10,188,-7,0,2,3,3,2,312
4.04,-3,-1,0,9,-2,-5,-15,229,-6,0,0,3,3,2,312
4.04,-3,-1,0,9,6,1,-35,358,-10,2,2,3,3,2,312
4.05,-3,-1,0,9,4,-2,-32,154,-7,3,2,3,3,2,312
4.05,-3,-1,0,9,9,7,-21,309,-10,0,3,3,3,2,312
4.04,-3,-1,0,9,4,-3,-1,288,-6,0,3,3,3,2,312
4.04,-3,-1,0,9,5,-1,-28,347,-7,3,2,3,3,2,312
4.04,-3,-1,0,9,1,0,9,64,-4,2,0,3,3,2,313
4.04,-3,-1,0,9,-8,8,70,157,-11,-3,0,3,3,2,313
4.04,-3,-1,0,10,4,-3,90,114,0,-6,1,3,3,2,313
4.04,-3,-1,0,9,5,-9,76,141,-5,-6,3,3,3,2,313
4.04,-3,-1,0,10,-16,17,47,278,-13,2,3,3,3,2,313
4.04,-3,-1,0,8,-15,8,87,325,-11,-1,3,3,3,2,313
4.04,-3,-1,0,9,-7,-1,77,260,-6,-1,3,3,3,2,313
4.04,-3,-1,0,9,-5,0,49,358,-8,0,2,3,3,2,313
4.04,-3,-1,0,9,1,5,-3,216,-10,2,3,3,3,2,313
4.04,-3,-1,0,10,6,0,-19,251,-5,3,2,3,3,2,313
4.04,-3,-1,0,9,3,12,-9,4,-11,-1,2,3,3,2,313
4.04,-3,-1,0,9,11,6,-15,324,-7,-1,3,3,3,2,313
4.04,-3,-1,0,9,3,9,-19,28,-8,-1,2,3,3,2,314
4.04,-3,-1,0,9,-4,6,4,82,-9,0,3,3,3,2,314
4.04,-4,-1,0,9,12,7,-2,359,-6,0,0,3,3,2,314
4.04,-3,-1,0,9,-14,-4,39,179,-10,2,2,3,3,2,314
4.04,-3,-1,0,9,-2,4,12,103,-8,0,3,3,3,2,314
4.04,-4,-1,0,9,4,2,-2,53,-7,0,3,3,3,2,314
4.04,-4,-1,0,9,4,1,-28,98,-6,2,2,3,3,2,314
4.04,-4,-1,0,9,-7,0,-29,240,-10,5,2,3,3,2,314
4.04,-4,-1,0,9,14,0,-45,83,-6,-1,2,3,3,2,314
4.04,-4,-1,0,9,-5,2,-12,229,-8,2,3,3,3,2,314
4.04,-4,-1,0,10,-9,-3,5,284,-7,2,1,3,3,2,314
4.04,-4,-1,0,9,-12,-6,5,285,-7,5,1,3,3,2,314
4.04,-4,-1,0,9,-2,0,1,326,-11,3,2,3,3,2,315
4.04,-4,-1,0,9,-2,4,12,295,-12,2,1,3,3,2,315
4.04,-4,-1,0,8,2,7,-20,300,-12,2,2,3,3,2,315
4.04,-4,-1,0,9,-1,-1,-4,14,-7,5,0,3,3,2,315
4.04,-4,-1,0,9,-4,-2,4,0,-9,5,2,3,3,2,315
4.04,-4,-1,0,9,-3,-5,-4,14,-6,5,2,3,3,2,315
4.04,-4,-1,0,9,4,-8,-16,86,-2,2,3,3,3,2,315
4.04,-4,-1,0,10,1,7,-26,214,-10,0,3,3,3,2,315
4.04,-4,-1,0,9,2,-5,-15,9,-5,-1,2,3,3,2,315
4.04,-4,-1,0,9,1,-3,-1,77,-8,0,3,3,3,2,315
4.04,-4,-1,0,9,6,7,-39,129,-11,4,3,3,3,2,315
4.04,-4,-1,0,8,3,-1,-25,326,-7,-1,1,3,3,2,315
4.04,-4,-1,0,9,1,3,-38,111,-8,5,1,3,3,2,316
4.04,-4,-1,0,9,10,-3,-24,260,-4,-1,3,3,3,2,316
4.03,-4,-1,0,9,3,2,-15,334,-7,0,2,3,3,2,316
4.04,-4,-1,0,8,0,4,5,6,-7,1,2,3,3,2,316
4.04,-4,-1,0,9,-4,-2,22,267,-9,2,3,3,3,2,316
4.04,-4,-1,0,9,0,-2,30,185,-8,-2,2,3,3,2,316
4.04,-4,-1,0,9,-5,-3,2,57,-4,6,3,3,3,2,316
4.04,-4,-1,0,9,0,5,-23,142,-7,0,2,3,3,2,316
4.04,-4,-1,0,8,2,1,-29,275,-10,2,2,3,3,2,316
4.04,-4,-1,0,9,1,0,-28,55,-7,3,3,3,3,2,316
4.03,-4,-1,0,9,1,0,-10,174,-8,0,2,3,3,2,316
4.04,-4,-1,0,9,5,-7,-11,232,-5,0,2,3,3,2,317
4.04,-4,-1,0,9,5,2,-14,252,-6,0,2,3,3,2,317
4.04,-4,-1,0,8,-3,2,-8,323,-6,0,2,3,3,2,317
4.04,-4,-1,0,9,-1,-7,-18,65,-7,1,3,3,3,2,317
4.04,-4,-1,0,9,6,0,-6,173,-9,0,3,3,3,2,317
4.04,-4,-1,0,9,4,-2,-20,189,-6,3,2,3,3,2,317
4.04,-4,-1,0,9,0,2,-43,300,-7,3,3,3,3,2,317
4.03,-5,-1,0,9,9,2,-53,228,-7,3,3,3,3,2,317
4.03,-4,-1,0,8,14,2,-49,123,-9,-1,1,3,3,2,317
4.03,-4,-1,0,9,-4,0,-6,248,-6,4,3,3,3,2,317
4.03,-4,-1,0,10,3,1,-28,37,-6,-1,2,3,3,2,317
4.03,-5,-1,0,9,5,-9,-28,206,-5,1,2,3,3,2,317
4.04,-5,-1,0,9,1,-4,-11,249,-7,2,1,3,3,2,318
4.03,-5,-1,0,9,1,3,-19,353,-6,0,2,3,3,2,318
4.03,-5,-1,0,9,0,0,-20,94,-9,0,2,3,3,2,318
4.03,-5,-1,0,9,-1,0,-31,198,-9,5,2,3,3,2,318
4.03,-5,0,0,8,7,-1,-35,17,-3,-1,0,3,3,2,318
4.03,-5,-1,0,8,10,1,-63,213,-10,4,3,3,3,2,318
4.03,-5,-1,0,9,10,0,-40,149,-9,-1,3,3,3,2,318
4.03,-5,-1,0,10,1,-4,-31,333,-7,3,3,3,3,2,318
4.03,-5,-1,0,9,6,6,-43,160,-11,2,2,3,3,2,318
4.03,-5,-1,0,9,-5,3,-31,340,-7,4,2,3,3,2,318
4.03,-5,-1,0,9,0,6,-48,175,-11,3,3,3,3,2,318
4.03,-5,-1,0,9,6,-6,-34,47,-5,-2,1,3,3,2,318
4.03,-5,-1,0,9,1,8,-35,193,-11,0,1,3,3,2,319
4.03,-5,-1,0,9,-5,-7,-25,322,-5,4,3,3,3,2,319
4.03,-5,-1,0,9,8,9,-53,196,-10,0,2,3,3,2,319
4.03,-5,-1,0,9,0,-3,-21,51,-8,2,3,3,3,2,319
4.03,-5,-1,0,9,12,-2,-21,130,-7,0,3,3,3,2,319
4.03,-5,-1,0,9,2,0,1,135,-9,4,2,3,3,2,319
4.03,-5,-1,0,10,-6,-5,-12,146,-6,6,1,3,3,2,319
4.03,-5,-1,0,9,12,-9,-27,289,-4,-1,0,3,3,2,319
4.03,-5,-1,0,8,7,10,-44,77,-12,0,1,3,3,2,319
4.03,-5,-1,0,8,-2,-8,-8,204,-4,3,2,3,3,2,319
4.03,-5,-1,0,9,2,-9,-5,263,-4,0,0,3,3,2,319
4.03,-5,-1,0,10,12,5,-34,352,-11,0,1,3,3,2,319
4.03,-5,-1,0,8,-1,-4,-17,111,-5,4,1,3,3,2,320
4.03,-5,-1,0,8,-5,-8,14,137,-4,4,1,3,3,2,320
4.03,-5,-1,0,8,-18,14,60,18,-15,3,2,3,3,2,320
4.03,-5,-1,0,10,-22,6,72,40,-12,5,2,3,3,2,320
4.03,-5,0,0,9,-17,-4,46,100,-3,4,2,3,3,2,320
4.03,-5,-1,0,10,5,7,29,290,-12,1,1,3,3,2,320
4.03,-5,-1,0,9,-7,-18,30,101,-2,0,2,3,3,2,320
4.03,-5,-1,0,9,-4,-14,20,83,-4,-1,0,3,3,2,320
4.03,-5,-1,0,9,1,-9,0,97,-4,0,0,3,3,3,320
4.03,-5,-1,0,9,18,-12,-13,138,-6,-3,1,3,3,3,320
4.03,-5,-1,0,9,10,6,-55,214,-11,6,1,3,3,3,320
4.03,-5,-1,0,10,13,2,-45,109,-8,-3,1,3,3,2,320
4.03,-6,-1,0,8,-3,0,-30,233,-6,4,2,3,3,2,321
4.03,-5,-1,0,9,8,3,-39,106,-9,-1,3,3,3,2,321
4.03,-5,-1,0,9,3,2,-14,214,-7,0,3,3,3,2,321
4.03,-5,-1,0,9,2,0,-7,234,-7,0,2,3,3,2,321
4.03,-6,-1,0,10,2,2,-21,286,-8,5,3,3,3,2,321
4.03,-5,-1,0,9,0,10,-31,67,-10,2,2,3,3,2,321
4.03,-5,-1,0,8,0,-4,-24,194,-4,2,2,3,3,2,321
4.03,-6,-1,0,9,7,2,-35,1,-8,0,3,3,3,2,321
4.03,-6,-1,0,9,2,0,-25,171,-7,2,3,3,3,2,321
4.03,-6,-1,0,9,0,-10,0,237,-5,1,3,3,3,2,321
4.03,-6,-1,0,9,13,0,-50,336,-6,2,3,3,3,2,321
4.03,-6,-1,0,9,2,-3,-22,203,-8,0,2,3,3,2,321
4.03,-6,-1,0,9,1,-4,-11,251,-9,2,1,3,3,2,322
4.03,-6,-1,0,9,0,0,-7,285,-9,3,3,3,3,2,322
4.03,-6,-1,0,9,-5,7,0,299,-11,4,3,3,3,2,322
4.03,-6,-1,0,9,-4,6,1,301,-10,3,3,3,3,2,322
4.03,-6,-1,0,9,-6,7,4,319,-10,0,1,3,3,2,322
4.03,-6,-1,0,9,-6,7,-4,326,-11,2,3,3,3,2,322
4.03,-6,-1,0,8,-4,-2,-3,356,-9,4,1,3,3,2,322
4.03,-6,0,0,8,1,-4,6,51,-5,0,0,3,3,2,322
4.03,-6,-1,0,8,-1,0,-1,3,-7,1,0,3,3,2,322
4.03,-6,-1,0,9,-1,-1,0,37,-8,3,2,3,3,2,322
4.03,-6,-1,0,9,0,-1,-33,100,-7,3,3,3,3,2,322
4.03,-6,-1,0,9,5,-1,-41,281,-5,2,1,3,3,2,322
4.03,-6,-1,0,9,-3,-3,-27,136,-9,3,2,3,3,2,323
4.03,-6,-1,0,9,4,-6,-36,241,-4,4,2,3,3,2,323
4.03,-6,-1,0,8,7,0,-17,45,-8,-3,2,3,3,2,323
4.03,-6,-1,0,9,0,2,-26,145,-10,1,2,3,3,2,323
4.03,-6,-1,0,9,0,-8,-14,256,-6,3,2,3,3,2,323
4.03,-6,-1,0,8,-3,-4,12,264,-8,4,3,3,3,2,323
4.03,-6,-1,0,9,-7,1,22,201,-10,1,3,3,3,2,323
4.03,-6,-1,0,9,5,7,8,121,-8,-1,2,3,3,2,323
4.03,-6,-1,0,9,-9,-11,41,324,-9,3,2,3,3,2,323
4.03,-6,-1,0,8,-14,-1,9,285,-10,3,2,3,3,2,323
4.03,-6,-1,0,9,-9,3,27,260,-11,1,2,3,3,2,323
4.03,-6,-1,0,9,7,2,-13,217,-9,-1,3,3,3,2,323
4.03,-6,-1,0,10,-1,6,-22,275,-10,3,1,3,3,2,324
4.03,-6,-1,0,9,-9,3,-5,34,-10,4,3,3,3,2,324
4.03,-6,-1,0,9,6,-3,-16,61,-8,3,0,3,3,2,324
4.03,-6,-1,0,8,7,-4,-9,135,-6,2,2,3,3,2,324
4.03,-6,-1,0,9,11,3,-33,185,-8,0,3,3,3,2,324
4.03,-6,-1,0,10,-4,0,-20,292,-5,3,2,3,3,2,324
4.03,-6,-1,0,9,6,-2,-53,145,-6,4,2,3,3,2,324
4.03,-6,-1,0,9,7,-7,-46,31,-5,0,2,3,3,2,324
4.03,-6,-1,0,9,2,1,-29,209,-7,2,3,3,3,2,324
4.03,-6,-1,0,9,4,-3,-19,347,-7,0,1,3,3,2,324
4.03,-6,-1,0,9,3,4,-25,104,-7,0,3,3,3,2,324
4.03,-6,-1,0,9,-3,8,0,144,-8,1,2,3,3,2,324
4.03,-6,-1,0,9,-6,-1,1,160,-5,2,2,3,3,2,325
4.03,-6,-1,0,9,0,-4,-3,197,-7,-1,3,3,3,2,325
4.03,-6,-1,0,9,2,-1,-2,221,-9,0,3,3,3,2,325
4.03,-6,-1,0,9,0,0,1,241,-8,-1,2,3,3,2,325
4.03,-6,-1,0,9,1,0,0,232,-7,-1,2,3,3,2,325
4.03,-6,-1,0,9,0,-4,1,223,-5,0,2,3,3,2,325
4.03,-6,-1,0,9,4,-4,-6,241,-4,-1,3,3,3,2,325
4.03,-6,-1,0,9,-2,6,-22,283,-10,2,1,3,3,2,325
4.03,-6,-1,0,9,1,5,-34,81,-7,2,3,3,3,2,325
4.03,-6,-1,0,9,11,-6,-43,257,-7,0,2,3,3,2,325
4.03,-6,-1,0,9,-1,1,-34,75,-5,1,3,3,3,2,325
4.03,-6,-1,0,9,14,-2,-48,265,-5,0,2,3,3,2,325
4.03,-6,-1,0,9,0,-6,-24,88,-5,0,3,3,3,2,326
4.02,-6,-1,0,9,-3,-10,-10,195,-5,4,3,3,3,2,326
4.02,-6,-1,0,9,6,-4,-31,272,-3,2,2,3,3,2,326
4.03,-6,-1,0,9,6,6,-49,130,-12,0,1,3,3,2,326
4.03,-6,-1,0,9,1,-10,-11,290,-4,1,2,3,3,2,326
4.03,-6,-1,0,9,1,-7,3,307,-6,0,2,3,3,2,326
4.03,-6,-1,0,9,12,-6,-18,346,-7,0,0,3,3,2,326
4.03,-6,-1,0,9,4,4,-1,13,-10,3,3,3,3,2,326
4.03,-6,-1,0,8,0,6,0,352,-12,3,0,3,3,2,326
4.03,-6,-1,0,9,1,2,-13,15,-9,4,2,3,3,2,326
4.03,-6,-1,0,9,-1,0,-13,85,-7,5,3,3,3,2,326
4.03,-6,-1,0,9,11,2,-24,163,-7,0,2,3,3,2,326
4.02,-6,-1,0,8,4,6,-16,223,-11,0,2,3,3,2,327
4.02,-6,-1,0,8,0,1,-11,255,-7,1,1,3,3,2,327
4.02,-6,-1,0,9,5,0,-36,39,-8,0,3,3,3,2,327
4.03,-6,-1,0,9,3,-1,-27,181,-5,3,3,3,3,2,327
4.03,-6,-1,0,9,-5,2,-35,305,-8,4,2,3,3,2,327
4.02,-6,-1,0,8,9,3,-66,245,-10,2,2,3,3,2,327
4.02,-6,-1,0,9,8,0,-73,237,-12,3,0,3,3,2,327
4.02,-6,-1,0,9,6,9,-63,223,-13,2,3,3,3,2,327
4.02,-6,-1,0,9,6,2,-76,218,-7,4,3,3,3,2,327
4.02,-6,-1,0,9,6,-5,-95,295,-2,-1,3,3,3,2,327
4.02,-6,-1,0,8,-3,-5,-52,309,-5,1,3,3,3,2,327
4.02,-6,-1,0,9,4,1,-68,241,-6,1,0,3,3,2,327
4.02,-6,-1,0,9,3,-2,-47,215,-6,0,2,3,3,2,328
4.02,-6,-1,0,9,1,6,-48,91,-7,4,3,3,3,2,328
4.02,-6,-1,0,8,7,2,-74,19,-10,4,2,3,3,2,328
4.03,-6,-1,0,9,9,-4,-89,73,-5,2,3,3,3,2,328
4.02,-6,-1,0,9,11,-3,-68,99,-7,3,3,3,3,2,328
4.02,-6,-1,0,9,7,-4,-59,41,-5,0,3,3,3,2,328
4.02,-6,-1,0,9,11,5,-54,311,-7,1,2,3,3,2,328
4.02,-6,-1,0,9,12,-6,-54,205,-6,1,3,3,3,2,328
4.02,-6,-1,0,9,-2,0,-30,79,-6,0,2,3,3,2,328
4.02,-6,-1,0,9,9,-1,-43,234,-7,4,2,3,3,2,328
4.02,-6,-1,0,9,-4,-8,-24,87,-4,0,1,3,3,2,328
4.02,-6,-1,0,8,9,4,-63,264,-9,4,3,3,3,2,328
4.02,-6,-1,0,9,5,0,-55,221,-11,2,1,3,3,2,329
4.02,-6,-1,0,9,11,0,-48,80,-5,-1,3,3,3,2,329
4.02,-6,-1,0,9,-2,0,-34,241,-6,5,2,3,3,2,329
4.02,-6,-1,0,9,9,-3,-45,90,-4,1,3,3,3,2,329
4.02,-6,-1,0,9,2,-7,-30,277,-7,0,1,3,3,2,329
4.02,-6,-1,0,8,1,1,-17,53,-9,0,2,3,3,2,329
4.02,-6,-1,0,9,1,-6,-23,135,-6,2,3,3,3,2,329
4.02,-6,-1,0,9,7,-2,-30,264,-5,1,2,3,3,2,329
4.02,-6,-1,0,9,5,0,-30,43,-7,1,3,3,3,2,329
4.02,-6,-1,0,9,-7,2,-22,176,-8,6,3,3,3,2,329
4.02,-6,-1,0,9,6,5,-30,307,-8,1,3,3,3,2,329
4.02,-6,-1,0,8,0,0,-20,66,-6,2,3,3,3,2,330
4.02,-6,-1,0,9,1,0,-18,199,-8,0,2,3,3,2,330
4.02,-6,-1,0,10,-1,-7,-11,282,-8,3,2,3,3,2,330
4.02,-6,-1,0,9,11,-4,-18,8,-6,-2,2,3,3,2,330
4.02,-6,-1,0,8,8,7,-16,84,-10,-1,0,3,3,2,330
4.02,-6,-1,0,9,1,4,-15,140,-10,0,3,3,3,2,330
4.02,-6,-1,0,9,4,1,-26,215,-7,3,3,3,3,2,330
4.02,-6,-1,0,9,-6,3,-21,7,-8,3,3,3,3,2,330
4.02,-6,0,0,9,7,1,-29,117,-8,1,2,3,3,2,330
4.02,-6,-1,0,8,0,0,-19,236,-7,4,1,3,3,2,330
4.02,-6,-1,0,8,-1,-2,-12,325,-6,0,1,3,3,2,330
4.02,-6,-1,0,9,0,0,0,58,-10,1,2,3,3,2,330
4.02,-6,-1,0,9,-1,-3,-1,57,-8,3,2,3,3,2,331
4.02,-6,-1,0,8,2,-4,-6,89,-4,1,3,3,3,2,331
4.02,-6,-1,0,8,-1,0,-5,115,-5,3,0,3,3,2,331
4.02,-6,-1,0,9,0,-1,4,147,-5,0,2,3,3,2,331
4.02,-6,-1,0,10,1,-5,13,89,-6,3,2,3,3,2,331
4.02,-6,-1,0,9,-7,-6,11,40,-5,3,2,3,3,2,331
4.02,-6,-1,0,9,-7,10,0,68,-11,3,2,3,3,2,331
4.02,-6,-1,0,9,-4,-6,0,51,-8,3,2,3,3,2,331
4.02,-6,-1,0,8,-3,-3,-9,121,-8,3,3,3,3,2,331
4.02,-6,-1,0,9,10,-9,-29,213,-4,2,3,3,3,2,331
4.02,-6,-1,0,9,8,7,-46,13,-8,-1,2,3,3,2,331
4.02,-6,-1,0,9,11,-14,-42,247,-4,2,2,3,3,2,331
4.02,-6,-1,0,8,11,12,-38,352,-9,0,2,3,3,2,332
4.02,-6,-1,0,9,-2,4,1,125,-9,0,3,3,3,2,332
4.02,-6,-1,0,9,0,2,-15,128,-7,3,3,3,3,2,332
4.02,-6,-1,0,9,-1,0,-12,208,-9,2,2,3,3,2,332
4.02,-6,-1,0,9,10,-5,-14,295,-6,-2,2,3,3,2,332
4.02,-6,-1,0,8,4,0,-2,295,-10,-1,0,3,3,2,332
4.02,-6,-1,0,8,4,2,-25,7,-10,3,1,3,3,2,332
4.02,-6,-1,0,10,-1,-2,-12,108,-5,4,3,3,3,2,332
4.02,-6,-1,0,9,4,6,-30,213,-10,0,2,3,3,2,332
4.02,-5,-1,0,9,5,9,-30,359,-12,1,3,3,3,2,332
4.02,-6,-1,0,9,7,-2,-25,97,-6,3,1,3,3,2,332
4.02,-6,-1,0,8,5,2,-13,195,-6,0,3,3,3,2,332
4.02,-5,-1,0,9,0,5,-7,218,-9,0,3,3,3,2,333
4.02,-5,-1,0,9,0,4,-2,232,-7,0,2,3,3,2,333
4.02,-5,-1,0,8,2,2,0,245,-8,0,3,3,3,2,333
4.02,-5,-1,0,9,2,0,-10,271,-8,0,3,3,3,2,333
4.02,-5,-1,0,9,7,1,-22,336,-9,3,2,3,3,2,333
4.02,-6,-1,0,9,1,6,-19,81,-11,1,3,3,3,2,333
4.02,-5,-1,0,9,-2,0,-7,155,-9,2,3,3,3,2,333
4.02,-5,-1,0,9,0,-7,-14,219,-4,2,1,3,3,2,333
4.02,-5,-1,0,9,8,0,-23,329,-7,2,2,3,3,2,333
4.02,-5,-1,0,9,4,1,-15,65,-5,0,0,3,3,2,333
4.02,-5,-1,0,9,12,2,-16,111,-8,-3,2,3,3,2,333
4.02,-5,-1,0,9,8,6,-11,128,-9,0,2,3,3,2,333
4.02,-5,-1,0,9,6,2,1,108,-7,2,2,3,3,2,334
4.02,-5,-1,0,8,7,3,-26,118,-5,2,1,3,3,2,334
4.02,-5,-1,0,9,9,3,-31,333,-12,0,0,3,3,2,334
4.02,-5,-1,0,10,-10,12,-26,69,-11,7,1,3,3,2,334
4.02,-5,-1,0,9,16,13,-65,347,-13,-1,3,3,3,2,334
4.02,-5,-1,0,8,16,4,-70,303,-12,0,3,3,3,2,334
4.02,-5,-1,0,9,14,0,-57,278,-12,1,3,3,3,2,334
4.02,-5,-1,0,9,3,0,-35,141,-6,-1,2,3,3,2,334
4.02,-5,-1,0,8,6,-2,-37,300,-9,5,2,3,3,2,334
4.02,-5,0,0,9,2,2,-24,85,-4,1,1,3,3,2,334
4.02,-5,-1,0,9,4,6,-52,291,-12,4,3,3,3,2,334
4.02,-5,-1,0,9,0,-1,-35,168,-6,0,3,3,3,2,334
4.02,-5,-1,0,8,11,5,-61,20,-9,1,2,3,3,2,335
4.02,-5,-1,0,9,9,3,-45,297,-8,0,3,3,3,2,335
4.02,-5,-1,0,9,0,-3,-41,171,-7,5,3,3,3,2,335
4.02,-5,-1,0,9,7,4,-53,54,-8,0,3,3,3,2,335
4.02,-5,-1,0,9,7,0,-46,295,-5,0,3,3,3,2,335
4.02,-5,-1,0,9,12,0,-38,137,-8,-1,3,3,3,2,335
4.02,-5,-1,0,9,0,-3,-12,238,-9,2,1,3,3,2,335
4.02,-5,-1,0,8,5,-4,-9,287,-7,0,0,3,3,2,335
4.02,-5,-1,0,9,5,0,-27,21,-8,2,3,3,3,2,335
4.02,-5,-1,0,9,2,-2,-15,118,-6,3,1,3,3,2,335
4.02,-5,-1,0,9,10,1,-24,242,-9,-1,3,3,3,2,335
4.02,-5,-1,0,9,2,6,-11,336,-11,0,3,3,3,2,335
4.02,-5,-1,0,9,-1,1,0,343,-9,0,0,3,3,2,336
4.02,-5,-1,0,8,1,3,-14,43,-10,-1,2,3,3,2,336
4.02,-5,-1,0,9,1,3,-16,92,-10,1,2,3,3,2,336
4.02,-5,-1,0,9,-3,9,-12,162,-12,2,3,3,3,2,336
4.02,-5,-1,0,8,-6,3,-4,227,-11,5,0,3,3,2,336
4.02,-5,-1,0,9,-6,4,11,217,-11,4,2,3,3,2,336
4.02,-5,-1,0,9,-8,7,-5,209,-11,5,1,3,3,2,336
4.02,-5,-1,0,9,-12,-9,-1,283,-4,4,2,3,3,2,336
4.02,-5,-1,0,9,10,-5,-21,20,-8,2,0,3,3,2,336
4.02,-5,-1,0,9,2,1,-19,96,-6,5,0,3,3,2,336
4.02,-5,-1,0,9,3,-8,-3,212,-4,-2,2,3,3,2,336
4.02,-5,-1,0,9,15,3,-24,259,-10,-2,3,3,3,2,336
4.02,-5,-1,0,9,0,11,-27,318,-8,4,3,3,3,2,337
4.02,-5,-1,0,9,7,-6,-30,169,-9,1,2,3,3,2,337
4.02,-5,-1,0,9,5,-3,-31,280,-3,3,0,3,3,2,337
4.02,-5,-1,0,9,5,12,-43,114,-13,0,1,3,3,2,337
4.02,-5,-1,0,9,-8,-7,-2,244,-6,3,3,3,3,2,337
4.02,-5,-1,0,9,2,-11,-11,297,-6,2,1,3,3,2,337
4.02,-5,-1,0,8,6,-7,-11,352,-6,3,1,3,3,2,337
4.02,-5,-1,0,9,1,-5,2,355,-7,5,3,3,3,2,337
4.02,-5,-1,0,9,-6,-6,10,332,-8,4,0,3,3,2,337
4.02,-5,-1,0,9,-9,8,9,1,-11,4,2,3,3,2,337
4.02,-5,-1,0,8,-2,4,2,309,-10,2,1,3,3,2,337
4.02,-5,-1,0,9,0,1,-5,331,-10,1,0,3,3,2,337
4.02,-5,-1,0,9,0,2,-3,359,-11,3,3,3,3,2,338
4.02,-5,-1,0,9,2,-5,-2,4,-7,2,1,3,3,2,338
4.02,-5,-1,0,8,-3,-2,1,43,-7,1,1,3,3,2,338
4.02,-5,-1,0,8,5,-1,-23,93,-8,0,2,3,3,2,338
4.02,-5,-1,0,9,0,1,-13,172,-8,3,2,3,3,2,338
4.02,-5,-1,0,9,4,-3,-2,237,-5,-1,3,3,3,2,338
4.02,-5,-1,0,8,1,-1,6,202,-5,0,0,3,3,2,338
4.02,-5,-1,0,9,-4,-2,12,163,-5,4,1,3,3,2,338
4.02,-5,-1,0,9,-7,2,6,118,-7,5,2,3,3,2,338
4.02,-5,-1,0,8,0,4,2,113,-6,2,1,3,3,2,338
4.02,-5,-1,0,9,5,-3,7,75,-5,2,2,3,3,2,338
4.02,-5,-1,0,9,-6,-2,17,22,-10,4,3,3,3,2,338
4.02,-5,-1,0,9,-10,1,16,308,-9,4,2,3,3,2,339
4.02,-5,-1,0,9,0,4,0,312,-8,2,2,3,3,2,339
4.02,-5,-1,0,9,0,0,16,242,-8,2,2,3,3,2,339
4.02,-5,-1,0,9,-3,1,12,194,-12,3,2,3,3,2,339
4.02,-4,-1,0,9,-5,5,10,170,-12,1,1,3,3,2,339
4.02,-5,-1,0,8,4,4,7,85,-8,-1,3,3,3,2,339
4.02,-5,-1,0,9,0,-1,7,37,-5,1,3,3,3,2,339
4.02,-5,-1,0,9,-2,-3,7,356,-5,3,3,3,3,2,339
4.02,-4,-1,0,9,-3,1,3,353,-8,3,2,3,3,2,339
4.02,-4,-1,0,9,0,-7,0,334,-4,1,3,3,3,2,339
4.02,-5,-1,0,9,0,-1,-11,53,-5,0,1,3,3,2,339
4.02,-4,-1,0,8,8,-1,-37,156,-7,0,3,3,3,2,339
4.02,-4,-1,0,9,2,0,-33,311,-6,2,2,3,3,2,340
4.02,-4,-1,0,9,6,3,-47,136,-7,3,3,3,3,2,340
4.01,-4,-1,0,9,16,-2,-46,31,-7,-3,3,3,3,2,340
4.02,-4,-1,0,9,2,-2,-29,204,-6,2,1,3,3,2,340
4.02,-4,-1,0,9,-1,-11,-18,302,-5,2,1,3,3,2,340
4.02,-4,-1,0,9,7,0,-25,78,-8,2,2,3,3,2,340
4.02,-4,-1,0,8,3,0,-22,148,-4,1,1,3,3,2,340
4.02,-4,-1,0,9,8,0,-21,266,-8,-1,1,3,3,2,340
4.02,-4,-1,0,9,2,12,-25,359,-12,2,3,3,3,2,340
4.01,-4,-1,0,8,-10,1,-6,65,-8,5,0,3,3,2,340
4.01,-4,-1,0,9,-6,-2,9,106,-8,4,3,3,3,2,340
4.02,-4,-1,0,9,-1,-1,-11,112,-7,5,3,3,3,2,340
4.02,-4,-1,0,9,2,6,-14,168,-8,1,1,3,3,2,341
4.02,-4,-1,0,8,-1,2,-11,268,-9,1,3,3,3,2,341
4.02,-4,-1,0,9,-5,0,0,302,-8,2,2,3,3,2,341
4.02,-4,-1,0,8,0,-2,-1,322,-9,0,0,3,3,2,341
4.02,-4,-1,0,9,4,1,-11,7,-10,0,0,3,3,2,341
4.02,-4,-1,0,9,5,3,-28,60,-9,5,1,3,3,2,341
