4.09,33,0,0,9,0,0,0,100,0,0,3,3,3,1,264
4.09,33,0,-1,9,-2,0,0,102,2,6,3,3,3,1,264
4.09,33,0,-1,8,-19,-5,-3,99,1,3,3,3,3,1,265
4.09,33,0,0,9,0,0,0,99,2,2,3,3,3,1,265
4.09,33,0,0,9,0,0,0,99,1,2,3,3,3,1,265
4.09,33,0,0,9,0,0,0,104,1,1,3,3,3,1,265
4.09,33,0,0,9,0,0,0,104,1,1,3,3,3,1,265
4.09,33,-2,2,11,10,2,1,109,-9,-7,3,3,3,2,265
4.09,33,-4,0,8,12,5,-51,115,-25,-4,3,3,3,2,265
4.09,33,0,0,10,-4,6,10,81,-4,4,3,3,3,2,265
4.09,33,0,0,9,5,-1,-18,81,-2,1,3,3,3,2,265
4.09,33,0,0,9,4,-9,-1,93,-2,0,3,3,3,2,265
4.09,33,0,0,9,-5,-3,-30,99,0,0,3,3,3,2,265
4.09,33,0,0,9,-1,2,-1,73,-3,-1,3,3,3,2,265
4.09,33,0,0,10,-7,-2,1,81,-5,-3,3,3,3,2,266
4.09,33,0,0,9,0,0,-1,82,-4,0,3,3,3,2,266
4.09,33,0,0,9,0,0,0,83,-4,1,3,3,3,2,266
4.09,33,0,0,9,-1,0,0,83,-5,1,3,3,3,2,266
4.09,33,-1,-2,10,-15,-6,-1,131,-9,18,3,3,3,2,266
4.09,33,0,1,9,-8,2,-12,96,-1,-9,3,3,3,2,266
4.09,33,-1,0,10,8,-8,-45,113,-5,1,3,3,3,2,266
4.09,33,-1,0,9,-3,1,4,82,-8,1,3,3,3,2,266
4.09,33,-1,0,9,7,-4,16,81,-6,5,3,3,3,2,266
4.09,33,-1,0,9,0,0,0,82,-7,4,3,3,3,2,266
4.09,33,-1,0,9,-4,-10,-19,62,-8,-2,3,3,3,2,266
4.09,33,-1,0,9,0,0,0,66,-8,3,3,3,3,2,266
4.09,33,-1,0,9,0,0,1,64,-8,3,3,3,3,2,267
4.09,33,-1,0,9,0,0,0,66,-8,3,3,3,3,2,267
4.09,33,-1,0,9,6,0,-3,64,-7,1,3,3,3,2,267
4.09,33,-1,0,9,-1,0,-2,60,-8,0,3,3,3,2,267
4.09,33,-1,0,9,-1,-1,7,82,-6,4,3,3,3,2,267
4.09,33,-1,-1,9,0,0,1,80,-7,5,3,3,3,2,267
4.09,33,-1,0,10,-17,-8,24,73,-11,1,3,3,3,2,267
4.09,33,-1,0,9,0,0,0,70,-8,4,3,3,3,2,267
4.09,33,-1,-1,9,4,2,-16,82,-9,9,3,3,3,2,267
4.09,33,-1,-1,9,0,-1,3,100,-7,9,3,3,3,2,267
4.09,33,-1,-1,9,-3,0,3,98,-7,9,3,3,3,2,267
4.09,33,-1,-1,9,-6,2,4,69,-9,12,3,3,3,2,267
4.09,33,-1,-1,9,4,0,-16,72,-10,8,3,3,3,2,268
4.09,33,-1,-1,9,1,0,-2,105,-7,10,3,3,3,2,268
4.09,33,-1,-1,9,0,0,0,108,-5,10,3,3,3,2,268
4.09,33,-1,-1,9,-1,1,0,108,-6,10,3,3,3,2,268
4.09,33,0,-1,9,2,-5,3,116,-6,8,3,3,3,2,268
4.09,33,-1,-1,9,0,0,5,117,-7,9,3,3,3,2,268
4.09,33,-1,-1,9,-1,0,-1,93,-6,8,3,3,3,1,268
4.09,32,-1,-1,9,0,0,0,89,-6,8,2,3,3,1,268
4.09,33,-1,0,9,0,0,0,82,-7,5,3,3,3,1,268
4.09,33,-1,0,9,3,-2,-2,78,-8,6,2,3,3,1,268
4.09,33,-2,-1,9,-16,2,14,100,-7,8,3,3,3,2,268
4.09,33,-1,0,9,-1,-8,-2,124,-6,6,3,3,3,2,268
4.09,33,-1,-1,9,0,-1,1,122,-5,7,3,3,3,1,269
4.09,33,0,-1,9,0,0,0,122,-5,8,3,3,3,1,269
4.09,33,-1,-1,9,0,0,0,121,-5,8,3,3,3,1,269
4.09,33,0,-1,9,0,0,0,120,-5,9,3,3,3,1,269
4.09,32,-1,-1,9,0,0,1,120,-5,8,2,3,3,1,269
4.09,33,0,-1,9,0,0,0,119,-5,9,2,3,3,1,269
4.09,33,0,0,10,5,-1,11,122,-5,5,2,3,3,1,269
4.09,33,0,0,9,-1,0,0,124,-3,5,2,3,3,1,269
4.09,32,0,0,9,0,0,-1,121,-3,6,2,3,3,1,269
4.09,33,0,-1,9,1,0,1,122,-4,6,2,3,3,1,269
4.09,33,0,-1,9,2,2,-5,121,-4,6,2,3,3,1,269
4.09,33,0,-1,9,0,0,1,119,-5,7,2,3,3,1,269
4.09,33,-1,-1,9,0,0,0,119,-5,6,2,3,3,1,270
4.09,33,0,-1,9,0,0,0,118,-5,6,2,3,3,1,270
4.09,33,-1,-1,9,0,0,0,114,-7,7,2,3,3,1,270
4.09,33,-2,-1,9,2,0,-41,77,-10,4,2,3,3,1,270
4.09,33,-1,-1,9,0,0,-1,113,-6,7,2,3,3,1,270
4.09,33,-1,-1,9,0,0,-2,111,-7,7,2,3,3,1,270
4.09,33,-1,-1,9,14,10,4,84,-9,4,1,3,3,1,270
4.09,33,0,-1,9,-2,0,-2,103,-2,6,1,3,3,1,270
4.09,33,0,-1,9,0,0,0,101,-3,6,1,3,3,1,270
4.09,33,0,-1,9,-1,0,3,100,-5,8,0,3,3,1,270
4.09,33,0,-1,9,0,0,0,110,-5,10,1,3,3,1,270
4.09,33,0,-1,9,0,0,-1,111,-5,11,1,3,3,1,270
4.09,33,0,-1,9,0,0,0,112,-5,10,1,3,3,1,271
4.09,33,0,-1,9,-2,0,-4,115,-4,11,2,3,3,1,271
4.09,33,-1,0,9,13,1,-15,120,-6,1,2,3,3,1,271
4.09,33,-1,0,9,0,0,0,116,-5,6,2,3,3,1,271
4.09,33,-1,0,9,1,0,1,113,-8,6,2,3,3,1,271
4.09,33,-1,0,9,0,0,0,111,-8,6,3,3,3,1,271
4.09,33,-1,0,9,0,0,-1,111,-8,6,3,3,3,1,271
4.09,33,-1,-1,9,4,0,0,114,-7,7,3,3,3,1,271
4.09,33,-1,0,9,5,0,-16,96,-9,4,2,3,3,1,271
4.09,33,-1,-1,9,-1,0,0,114,-5,8,3,3,3,1,271
4.09,33,-1,-1,9,0,0,-1,110,-6,8,2,3,3,1,271
4.09,33,-1,-1,9,0,0,1,111,-6,9,1,3,3,1,271
4.09,33,0,-1,9,0,0,0,116,-4,9,2,3,3,1,272
4.09,33,0,-1,9,-1,0,3,120,-3,9,2,3,3,1,272
4.09,33,0,-1,9,-11,2,9,118,-7,12,2,3,3,1,272
4.09,33,-1,-1,9,-5,-1,0,139,-5,7,2,3,3,1,272
4.09,33,0,-1,9,-1,1,-3,138,-5,8,1,3,3,1,272
4.09,33,0,-1,9,-1,0,0,137,-4,9,2,3,3,1,272
4.09,33,0,-1,9,0,0,0,138,-4,8,1,3,3,1,272
4.09,33,0,-1,9,0,0,-1,138,-4,9,1,3,3,1,272
4.09,33,0,-1,9,0,0,6,125,-3,9,1,3,3,1,272
4.09,33,0,-1,10,-15,-1,-16,134,-2,11,1,3,3,1,272
4.09,33,0,-1,9,-1,0,0,145,-2,9,1,3,3,1,272
4.09,33,0,-1,9,0,0,0,145,-3,9,1,3,3,1,272
4.09,33,0,-1,9,0,-1,0,146,-3,9,1,3,3,1,273
4.09,33,0,-1,9,0,0,0,146,-2,9,0,3,3,1,273
4.09,33,0,-1,9,-1,0,0,147,-2,9,0,3,3,1,273
4.09,33,0,-1,9,0,0,-2,148,-2,9,0,3,3,1,273
4.09,33,-1,0,10,-16,-7,17,142,-5,4,0,3,3,1,273
4.09,33,0,-1,9,-1,-2,4,145,-4,5,0,3,3,1,273
4.09,33,-1,0,9,3,3,-6,147,-5,5,0,3,3,1,273
4.09,33,0,-1,9,-2,0,2,148,-4,6,0,3,3,1,273
4.09,33,0,-1,9,0,0,0,149,-3,7,0,3,3,1,273
4.09,33,0,-1,9,2,-1,6,147,-4,7,0,3,3,1,273
4.09,33,0,-1,9,0,0,0,146,-4,6,0,3,3,1,273
4.09,33,0,-1,9,1,0,0,145,-1,8,0,3,3,1,273
4.09,33,0,-2,9,3,-3,45,93,-5,10,1,3,3,1,274
4.09,33,-1,0,9,31,10,8,87,-8,3,0,3,3,1,274
4.09,33,-1,-1,9,3,0,1,110,-7,6,1,3,3,1,274
4.09,33,-1,-1,9,0,0,0,111,-7,7,1,3,3,1,274
4.09,33,-1,0,10,2,0,-3,102,-7,2,1,3,3,1,274
4.09,33,-2,0,9,12,-14,-73,110,-3,1,1,3,3,1,274
4.09,33,0,-1,9,0,0,0,135,-4,6,1,3,3,1,274
4.09,33,0,-1,9,0,0,0,135,-5,6,1,3,3,1,274
4.09,33,-1,0,9,17,7,-2,137,-5,3,2,3,3,1,274
4.09,33,-1,1,9,-5,10,3,119,-7,-5,2,3,3,1,274
4.09,33,0,1,9,0,-1,4,124,-5,-8,2,3,3,1,274
4.09,33,-1,0,9,0,0,0,114,-7,-4,2,3,3,1,274
4.09,33,-1,0,9,3,0,-3,134,-6,-3,2,3,3,1,275
4.09,33,0,0,8,-2,-4,39,116,-7,-1,3,3,3,1,275
4.09,33,0,0,8,-5,2,-4,121,-7,-3,2,3,3,1,275
4.09,33,-1,0,9,2,0,-7,131,-6,-2,2,3,3,1,275
4.09,33,-1,0,9,0,0,0,133,-8,-2,2,3,3,1,275
4.09,33,-1,0,9,0,0,-1,135,-6,-1,2,3,3,1,275
4.09,33,-1,0,9,0,0,0,134,-7,-2,2,3,3,1,275
4.09,33,-1,0,9,0,0,0,133,-7,-2,2,3,3,1,275
4.09,33,-1,0,9,3,-1,-2,134,-7,-4,2,3,3,1,275
4.09,34,-1,0,9,0,0,0,135,-6,-5,1,3,3,1,275
4.09,34,0,0,9,1,-1,0,135,-5,-5,1,3,3,1,275
4.09,34,0,1,9,0,0,0,134,0,-9,0,3,3,1,275
4.09,34,0,1,9,0,0,-1,136,0,-9,0,3,3,1,276
4.09,34,0,1,9,0,0,0,136,0,-10,0,3,3,1,276
4.09,34,0,1,9,2,0,-3,130,-3,-8,0,3,3,1,276
4.09,34,0,1,9,0,0,0,121,-2,-9,1,3,3,1,276
4.09,34,-1,2,8,-10,-8,-4,105,-7,-11,1,3,3,1,276
4.09,34,-1,0,9,-1,-2,-1,125,-7,-3,0,3,3,1,276
4.09,34,-1,0,9,1,0,0,118,-9,-4,0,3,3,1,276
4.09,34,-2,0,9,-7,-2,15,123,-19,0,0,3,3,1,276
4.09,34,-1,0,9,1,0,-2,123,-6,0,0,3,3,1,276
4.09,34,-1,-1,9,-3,1,22,76,-6,6,3,3,3,2,276
4.09,34,0,-2,10,-9,-1,-8,67,0,18,3,3,3,2,276
4.09,34,0,-1,8,-4,-1,3,78,-2,6,3,3,3,2,276
4.09,34,0,0,9,-3,4,9,70,-2,2,3,3,3,2,277
4.09,34,0,0,8,-1,-3,18,60,-6,-2,3,3,3,2,277
4.09,34,0,0,8,-53,-4,15,48,-5,-11,3,3,3,2,277
4.09,34,0,1,11,11,-16,0,51,-1,-3,3,3,3,2,277
4.09,34,-1,4,13,24,8,-7,56,-4,-8,3,3,3,2,277
4.09,34,0,1,7,-47,26,-45,58,-3,-7,3,3,3,2,277
4.09,34,0,0,6,-63,-15,19,49,-3,-6,3,3,3,2,277
4.09,34,-2,5,15,41,-15,22,67,-7,-9,3,3,3,2,277
4.09,34,0,2,7,12,-9,-19,71,-1,-12,3,3,3,2,277
4.09,34,0,-1,10,21,8,-10,67,-2,-11,3,3,3,2,277
4.09,34,-1,-2,14,-46,26,-16,67,-3,-4,3,3,3,2,277
4.09,34,0,0,7,21,4,-11,75,-1,-5,3,3,3,2,278
4.09,34,-1,0,11,-44,25,18,99,-3,-9,3,3,3,2,278
4.09,34,-2,0,10,28,-5,15,111,-5,-1,3,3,3,2,278
4.09,34,-1,1,7,-21,-2,0,107,-7,-9,3,3,3,2,278
4.09,34,0,-1,10,-30,11,-24,91,-2,-4,3,3,3,2,278
4.09,34,0,-4,9,-22,-3,-20,100,0,12,3,3,3,2,278
4.09,34,-1,-3,9,4,1,17,99,-6,17,3,3,3,2,278
4.09,34,-1,-3,9,14,2,-4,126,-5,20,3,3,3,2,278
4.09,34,-1,-4,8,-3,3,19,117,-4,23,3,3,3,2,278
4.09,34,1,-4,8,15,6,0,118,11,32,3,3,3,2,278
4.09,34,0,-10,2,-15,-18,-17,111,9,83,3,3,3,2,278
4.09,34,9,-3,1,0,0,-4,190,70,69,3,3,3,2,278
4.09,34,9,-1,0,-1,1,0,194,81,77,3,3,3,2,279
4.09,34,9,-1,0,-1,-2,0,193,80,81,3,3,3,2,279
4.09,34,9,-1,0,0,0,0,193,80,82,3,3,3,2,279
4.09,34,9,-1,0,1,2,1,197,81,83,3,3,3,3,279
4.09,34,0,-1,8,21,-9,-75,303,9,14,0,3,3,3,279
4.09,34,0,0,8,9,-6,61,325,33,0,1,3,3,3,279
4.09,34,0,0,9,16,0,-6,128,6,-2,2,3,3,3,279
4.09,34,0,0,9,0,1,24,260,3,-1,2,3,3,3,279
4.09,34,0,0,11,25,7,50,34,6,-11,2,3,3,3,279
4.09,34,0,0,10,-8,-1,79,130,0,4,2,3,3,3,279
4.09,34,0,0,10,13,10,-10,284,1,-5,3,3,3,3,279
4.09,34,0,0,10,8,-6,32,9,2,0,0,3,3,3,279
4.09,34,0,-1,8,7,4,61,82,0,-5,2,3,3,3,280
4.09,34,0,0,7,13,4,26,15,-4,-7,3,3,3,3,280
4.09,34,0,0,11,-15,10,9,212,3,3,0,3,3,3,280
4.09,34,0,0,11,14,12,62,216,-1,-1,3,3,3,3,280
4.09,34,0,0,8,-4,20,22,272,-2,2,2,3,3,3,280
4.09,34,0,0,10,5,11,5,90,-14,4,2,3,3,3,280
4.09,34,1,0,10,-3,7,-31,64,-2,5,0,3,3,3,280
4.09,33,0,0,9,-5,-23,50,160,9,0,3,3,3,3,280
4.09,33,0,0,10,4,-7,-7,191,4,0,3,3,3,3,280
4.09,33,0,0,10,6,25,19,78,-5,-2,0,3,3,3,280
4.09,33,0,0,9,6,5,33,21,10,13,0,3,3,3,280
4.09,33,0,0,12,18,-3,77,167,1,-8,3,3,3,3,280
4.09,33,0,0,10,13,8,61,206,0,0,2,3,3,3,281
4.09,33,0,-1,8,22,-7,85,7,-3,-8,1,3,3,3,281
4.09,33,0,0,10,7,12,65,47,2,1,0,3,3,3,281
4.09,33,0,0,9,13,-2,74,82,1,-5,2,3,3,3,281
4.09,33,0,0,8,1,5,0,222,3,1,2,3,3,2,281
4.09,33,0,0,12,15,0,108,344,0,-7,2,3,3,2,281
4.09,33,0,0,9,-5,-12,69,117,8,1,3,3,3,3,281
4.09,33,0,0,9,-8,17,2,321,-1,4,1,3,3,3,281
4.09,33,0,0,9,-5,10,-23,182,-1,9,3,3,3,3,281
4.09,32,0,0,9,-2,18,-24,78,-1,0,0,3,3,2,281
4.09,32,1,0,8,-18,-26,5,95,3,22,0,3,3,3,281
4.09,32,0,0,8,-19,3,-61,359,3,7,2,3,3,3,281
4.09,32,0,0,12,12,-12,5,172,1,3,3,3,3,3,282
4.09,32,1,0,10,8,11,26,65,-15,-2,0,3,3,3,282
4.09,32,0,0,8,25,-10,30,303,-2,-6,1,3,3,3,282
4.09,32,0,0,13,5,-6,-50,5,5,3,3,3,3,3,282
4.09,32,0,0,7,-34,5,-50,333,2,10,0,3,3,3,282
4.09,32,0,0,10,-14,5,-29,268,13,7,2,3,3,3,282
4.09,32,1,0,11,-38,-13,-74,225,23,9,1,3,3,3,282
4.09,32,0,0,9,-7,25,-62,130,3,5,2,3,3,3,282
4.09,32,1,0,9,-37,-11,-38,96,4,12,2,3,3,3,282
4.09,32,0,0,13,-13,-14,-56,312,20,6,3,3,3,3,282
4.09,31,1,0,9,-26,-3,-43,235,6,7,2,3,3,3,282
4.09,31,0,0,10,-10,32,-56,167,8,8,0,3,3,3,282
4.09,31,1,1,11,-8,-9,-42,62,-1,15,2,3,3,3,283
4.09,31,1,0,9,0,26,-23,346,-12,2,1,3,3,3,283
4.09,31,0,0,10,5,0,8,271,0,14,3,3,3,3,283
4.09,31,0,-1,10,25,-1,52,63,0,-10,1,3,3,3,283
4.09,31,0,0,9,-20,-11,97,288,-4,-9,0,3,3,3,283
4.09,31,0,0,10,8,-2,65,343,-4,8,3,3,3,3,283
4.09,31,0,0,10,-10,3,81,30,3,9,2,3,3,3,283
4.09,31,0,0,12,8,-10,74,108,0,-3,2,3,3,3,283
4.09,31,0,0,10,5,-15,40,278,17,-6,0,3,3,3,283
4.09,31,0,0,8,14,25,6,46,-2,8,0,3,3,3,283
4.09,31,0,0,12,0,-2,105,183,-2,-13,2,3,3,3,283
4.09,31,0,-1,6,0,28,33,253,-11,-2,2,3,3,3,283
4.09,30,1,0,12,-10,-17,11,85,-6,-1,2,3,3,3,284
4.09,30,1,0,10,0,18,-9,96,-16,4,0,3,3,3,284
4.09,30,0,0,6,-1,26,-33,96,2,21,2,3,3,3,284
4.09,30,0,-1,13,-2,10,-22,156,4,-7,1,3,3,3,284
4.09,30,1,0,10,-4,28,-49,244,-6,4,2,3,3,3,284
4.09,30,1,0,11,2,-8,36,318,12,-16,0,3,3,3,284
4.09,30,1,0,8,-22,5,-56,133,-4,10,2,3,3,3,284
4.09,30,0,0,9,-11,20,-37,85,3,0,2,3,3,3,284
4.09,30,1,0,11,-11,4,-39,324,-1,5,2,3,3,3,284
4.09,30,0,0,3,-15,14,40,273,19,8,3,3,3,3,284
4.09,30,-1,0,11,1,1,93,326,7,-17,3,3,3,3,284
4.09,30,0,-1,11,16,-13,30,279,4,-4,2,3,3,3,284
4.09,30,0,0,11,1,3,13,113,13,-2,3,3,3,3,285
4.09,30,0,0,5,-26,14,114,313,-7,5,3,3,3,3,285
4.09,30,0,0,11,-5,13,96,285,6,-3,1,3,3,3,285
4.09,29,0,0,12,22,0,46,326,5,-19,0,3,3,3,285
4.09,29,0,0,9,16,3,0,26,-5,28,0,3,3,3,285
4.09,29,0,-1,10,12,15,74,185,4,-27,1,3,3,3,285
4.09,29,0,0,8,20,0,25,163,2,-4,2,3,3,3,285
4.09,29,0,0,12,5,6,92,345,1,-12,0,3,3,3,285
4.09,29,0,0,10,25,11,-14,22,5,9,0,3,3,3,285
4.09,29,0,0,8,21,-26,30,105,21,0,3,3,3,3,285
4.09,29,0,0,10,16,-22,154,149,-1,-7,1,3,3,3,285
4.09,29,0,0,3,-25,12,75,213,-2,5,2,3,3,3,285
4.09,29,0,-1,11,-1,-8,67,319,3,-5,0,3,3,3,286
4.09,29,0,0,7,-13,8,123,142,8,-18,1,3,3,3,286
4.09,29,0,0,11,5,-22,17,89,23,-5,2,3,3,3,286
4.09,29,0,0,5,-5,22,11,224,17,22,3,3,3,3,286
4.09,28,0,-1,11,8,5,77,19,-9,-9,1,3,3,3,286
4.09,28,0,0,10,3,41,-22,85,16,1,1,3,3,3,286
4.09,28,0,0,9,-13,-6,53,3,-6,25,3,3,3,3,286
4.09,28,-1,0,10,7,-29,69,113,12,-5,2,3,3,3,286
4.09,28,0,1,12,6,-11,-8,128,-15,12,1,3,3,3,286
4.09,28,0,0,7,-10,21,-3,93,-13,4,1,3,3,3,286
4.09,28,0,0,11,17,-5,-6,354,-6,5,0,3,3,3,286
4.09,28,0,0,10,16,11,26,218,-11,-9,2,3,3,3,286
4.09,28,1,0,11,-1,-20,64,79,1,-5,0,3,3,3,287
4.09,28,0,0,11,20,3,5,343,6,-21,0,3,3,3,287
4.09,28,0,0,10,11,-11,15,337,-8,0,0,3,3,3,287
4.09,28,0,0,11,8,19,3,275,-17,2,2,3,3,3,287
4.09,28,0,0,9,-17,-8,128,27,18,-10,2,3,3,3,287
4.09,28,0,0,10,5,30,68,131,-14,-4,1,3,3,3,287
4.09,28,0,0,9,10,-11,5,30,-3,0,0,3,3,3,287
4.09,28,0,0,10,24,17,35,276,9,-25,3,3,3,3,287
4.09,27,1,0,10,-7,-23,110,231,-11,-4,2,3,3,3,287
4.09,27,0,0,5,-37,-1,110,345,-2,6,1,3,3,3,287
4.09,27,0,0,11,10,0,41,282,8,-3,1,3,3,3,287
4.09,27,0,0,12,11,-24,96,324,-5,0,3,3,3,3,287
4.09,27,1,0,9,-14,6,63,316,-9,9,2,3,3,3,288
4.09,27,0,0,8,-25,7,103,32,4,-3,0,3,3,3,288
4.09,27,0,-1,11,13,29,71,70,-7,-16,1,3,3,3,288
4.09,27,0,0,9,-9,25,13,131,-4,4,0,3,3,3,288
4.09,27,0,0,11,24,10,50,234,-5,-14,3,3,3,3,288
4.09,27,0,0,12,23,-11,41,246,-2,3,0,3,3,3,288
4.09,27,0,0,11,0,-14,22,292,13,11,3,3,3,3,288
4.09,27,0,0,7,9,9,-9,151,8,32,3,3,3,3,288
4.09,27,0,-1,10,18,17,71,294,-1,-9,3,3,3,3,288
4.09,27,0,0,9,17,-10,14,265,2,-1,2,3,3,3,288
4.09,26,1,-1,11,-9,6,91,102,0,-7,0,3,3,3,288
4.09,26,0,0,6,30,9,23,85,-3,-8,2,3,3,3,288
4.09,26,0,-1,12,4,3,68,327,-2,-16,0,3,3,3,289
4.09,26,0,0,12,-15,33,52,107,-4,3,0,3,3,3,289
4.09,26,0,0,5,-24,-26,111,9,23,-7,3,3,3,3,289
4.09,26,0,1,13,14,-1,74,159,-6,17,3,3,3,3,289
4.09,26,0,0,6,-20,16,55,105,-15,4,0,3,3,3,289
4.09,26,1,0,11,18,-7,25,333,-8,4,0,3,3,3,289
4.09,26,0,0,9,-9,-17,81,36,20,12,2,3,3,3,289
4.09,26,0,0,12,24,3,-1,167,-3,-8,3,3,3,3,289
4.09,26,0,0,9,-11,11,59,153,-2,8,0,3,3,3,289
4.09,26,0,0,11,10,-24,78,315,-2,-16,0,3,3,3,289
4.09,26,0,0,11,14,-8,-20,218,0,-21,3,3,3,3,289
4.09,26,0,1,13,-13,2,103,77,0,-11,1,3,3,3,289
4.09,26,0,0,4,-7,-23,63,343,9,-18,3,3,3,3,290
4.09,26,1,1,9,-9,-15,19,142,-1,18,0,3,3,3,290
4.09,25,0,0,8,19,9,-7,34,-5,4,3,3,3,3,290
4.09,25,0,-1,10,12,12,35,187,9,-20,3,3,3,3,290
4.09,25,0,0,11,-11,-11,100,65,0,-1,3,3,3,3,290
4.09,25,0,0,10,-15,-2,46,160,-2,8,0,3,3,3,290
4.09,25,0,0,6,25,26,-38,83,0,14,0,3,3,3,290
4.09,25,1,0,12,-3,2,42,327,-19,-4,3,3,3,3,290
4.09,25,0,0,8,33,15,-17,230,-4,0,3,3,3,3,290
4.09,25,0,-1,11,-19,-4,102,42,-3,-8,0,3,3,3,290
4.09,25,0,0,9,14,-28,58,319,10,-5,2,3,3,3,290
4.09,25,0,1,13,24,-10,88,23,-4,6,3,3,3,3,291
4.09,25,0,0,9,-6,29,78,349,-7,3,2,3,3,3,291
4.09,25,0,0,9,-11,16,89,18,9,-7,3,3,3,3,291
4.09,25,0,0,4,34,-13,32,76,-3,-7,3,3,3,3,291
4.09,25,1,0,11,-11,-6,80,68,-18,9,2,3,3,3,291
4.09,25,0,0,8,-31,-2,124,163,3,0,1,3,3,3,291
4.09,25,0,1,11,-3,-5,103,319,7,22,3,3,3,3,291
4.09,25,1,-1,11,-11,34,60,248,2,8,3,3,3,3,291
4.09,24,0,-1,10,-12,-3,103,332,0,-10,0,3,3,3,291
4.09,24,0,0,4,13,-24,64,258,6,-11,3,3,3,3,291
4.09,24,1,0,13,0,-6,116,275,-18,-4,0,3,3,3,291
4.09,24,0,0,6,-21,0,99,351,-8,18,0,3,3,3,291
4.09,24,0,0,12,27,-8,30,100,-4,-8,0,3,3,3,292
4.09,24,0,0,10,-12,7,96,110,-6,10,0,3,3,3,292
4.09,24,0,0,12,-19,20,77,187,9,-1,2,3,3,3,292
4.09,24,0,0,6,-27,-12,52,64,8,7,0,3,3,3,292
4.09,24,0,0,12,-8,1,3,11,15,-10,2,3,3,3,292
4.09,24,0,0,4,33,-13,-14,65,3,-2,0,3,3,3,292
4.09,24,0,-1,11,-6,7,64,264,-1,-4,0,3,3,3,292
4.09,23,0,0,6,42,21,18,311,-7,-1,3,3,3,3,292
4.09,23,0,0,11,-13,15,58,66,11,-6,3,3,3,3,292
4.09,23,0,-1,5,3,26,21,194,2,5,2,3,3,3,292
4.09,23,0,-1,10,3,11,72,314,9,-26,2,3,3,3,292
4.09,23,-1,0,7,31,-27,9,255,16,-8,3,3,3,3,292
4.08,23,0,-1,12,-15,-3,84,141,0,0,0,3,3,3,293
4.09,23,1,0,10,-25,19,24,233,-2,9,3,3,3,3,293
4.09,23,0,-1,11,-11,15,152,255,0,1,0,3,3,3,293
4.09,23,0,0,12,8,5,154,333,-3,-23,3,3,3,3,293
4.09,23,0,0,8,15,-12,6,341,2,0,3,3,3,3,293
4.09,23,0,0,10,15,5,-19,131,7,-17,3,3,3,3,293
4.09,23,0,-1,12,7,26,0,220,5,2,3,3,3,3,293
4.08,22,0,-1,12,-11,12,79,338,-1,-22,0,3,3,3,293
4.09,22,0,0,8,30,-2,58,293,4,-14,3,3,3,3,293
4.09,22,0,0,10,10,-30,107,217,-12,-5,3,3,3,3,293
4.08,22,1,1,12,-4,-2,132,226,-22,2,0,3,3,3,293
4.09,22,0,0,5,-26,4,87,222,-9,17,0,3,3,3,293
4.09,22,0,1,11,-17,-10,-48,111,-4,4,1,3,3,3,294
4.09,22,1,0,9,-27,22,10,121,-6,4,3,3,3,3,294
4.09,22,0,0,9,-4,16,3,71,4,2,2,3,3,3,294
4.09,22,0,0,5,-13,22,14,302,5,5,3,3,3,3,294
4.09,22,0,-1,10,11,14,45,15,0,-14,1,3,3,3,294
4.09,22,0,0,6,-28,15,155,145,0,9,3,3,3,3,294
4.09,22,0,-1,12,-11,5,76,151,2,4,1,3,3,3,294
4.09,21,1,0,11,-1,3,82,252,-16,-11,1,3,3,3,294
4.09,21,0,0,7,-6,-35,43,24,15,0,0,3,3,3,294
4.09,21,1,1,10,14,-11,7,126,-1,1,3,3,3,3,294
4.08,21,0,0,4,-3,-38,20,224,4,-7,1,3,3,3,294
4.08,21,0,0,11,17,-23,132,204,-24,-2,3,3,3,3,294
4.09,21,0,0,10,-6,9,49,30,7,-9,3,3,3,3,295
4.09,21,0,1,10,-26,6,127,309,3,2,2,3,3,3,295
4.08,21,0,0,9,7,-22,89,343,-3,-13,0,3,3,3,295
4.09,21,0,0,13,5,-5,33,134,17,16,0,3,3,3,295
4.08,21,0,0,8,23,-13,40,205,16,-17,2,3,3,3,295
4.09,21,0,0,12,34,-6,18,221,8,-13,0,3,3,3,295
4.09,21,0,0,12,7,-17,31,255,6,11,3,3,3,3,295
4.09,21,0,1,14,-2,-33,151,340,-10,-7,0,3,3,3,295
4.09,21,0,0,11,-5,-14,55,82,3,20,1,3,3,3,295
4.09,21,0,-1,11,27,32,18,284,-5,-17,3,3,3,3,295
4.09,21,0,1,12,5,-22,84,175,-7,-2,2,3,3,3,295
4.08,21,1,1,10,-17,-1,117,123,-14,0,3,3,3,3,295
4.08,21,0,0,8,-13,27,132,81,-1,-1,2,3,3,3,296
4.08,20,0,0,10,-14,3,67,137,4,0,3,3,3,3,296
4.08,20,1,0,11,-11,4,65,255,-8,7,3,3,3,3,296
4.08,20,1,0,10,-7,36,53,209,-2,18,3,3,3,3,296
4.08,20,0,0,6,-29,2,139,256,14,-5,0,3,3,3,296
4.08,20,0,1,11,7,5,55,106,0,31,0,3,3,3,296
4.09,20,1,-1,11,11,19,54,297,-7,-23,2,3,3,3,296
4.08,20,0,0,6,-23,13,129,12,-12,9,0,3,3,3,296
4.08,20,0,-1,8,7,10,26,27,5,-10,3,3,3,3,296
4.08,20,0,0,4,-21,-19,45,266,7,5,1,3,3,3,296
4.08,19,0,1,9,11,-8,45,65,-4,7,3,3,3,3,296
4.08,19,0,0,5,-27,22,101,22,0,-5,1,3,3,3,296
4.08,19,0,-1,11,20,11,24,46,15,-15,2,3,3,3,297
4.08,19,0,-1,9,-7,38,31,168,-9,-1,0,3,3,3,297
4.08,19,0,-1,10,23,-1,34,270,20,-20,3,3,3,3,297
4.08,19,0,0,10,2,-25,92,244,6,-15,1,3,3,3,297
4.08,19,0,0,10,-17,-6,69,300,-1,11,2,3,3,3,297
4.08,19,1,0,11,-27,24,129,285,2,2,1,3,3,3,297
4.08,19,0,1,8,-8,0,76,120,-7,6,1,3,3,3,297
4.08,19,0,0,8,-17,20,88,127,6,-10,0,3,3,3,297
4.08,19,0,0,10,14,-8,19,122,22,-9,1,3,3,3,297
4.08,19,0,0,8,26,-24,66,126,0,-16,2,3,3,3,297
4.08,19,1,0,12,-4,1,80,112,-15,0,1,3,3,3,297
4.08,18,0,0,7,-43,9,114,189,5,14,1,3,3,3,297
4.08,18,0,0,13,8,29,-1,122,8,1,1,3,3,3,298
4.08,18,0,0,9,20,-15,50,165,5,-23,3,3,3,3,298
4.08,18,0,0,8,29,-17,25,187,-1,-7,3,3,3,3,298
4.08,18,1,0,11,-18,10,57,159,-14,-2,2,3,3,3,298
4.08,18,0,0,7,35,2,45,36,-2,-7,0,3,3,3,298
4.08,18,1,1,13,-3,-10,102,351,-17,-11,0,3,3,3,298
4.08,18,0,0,3,-16,3,43,50,6,6,0,3,3,3,298
4.08,18,0,0,10,7,-1,50,241,2,12,2,3,3,3,298
4.08,18,0,0,7,2,-34,91,6,2,-11,3,3,3,3,298
4.08,18,0,-1,13,5,-6,95,25,-21,-4,2,3,3,3,298
4.08,17,0,0,9,-12,24,96,40,-15,12,2,3,3,3,298
4.08,17,0,1,10,5,-32,86,195,-1,-12,0,3,3,3,298
4.08,17,0,0,12,-7,6,102,212,-12,17,2,3,3,3,299
4.08,17,0,0,13,29,-21,76,59,-3,-3,2,3,3,3,299
4.08,17,1,0,13,0,10,89,347,-14,-3,0,3,3,3,299
4.08,17,0,0,4,-10,-12,77,146,16,-8,1,3,3,3,299
4.08,17,0,0,11,0,-5,108,231,-17,1,3,3,3,3,299
4.08,17,-1,0,7,51,0,-5,50,4,-17,3,3,3,3,299
4.08,17,1,0,10,0,-17,88,12,-16,-10,3,3,3,3,299
4.08,17,0,0,12,-8,9,44,51,-13,9,3,3,3,3,299
4.08,16,0,0,7,-34,16,117,66,2,5,2,3,3,3,299
4.08,16,0,-1,12,-19,15,99,61,10,-6,0,3,3,3,299
4.08,17,0,0,9,5,-31,55,318,17,-5,2,3,3,3,299
4.08,16,0,0,7,21,-13,66,19,-14,-9,3,3,3,3,299
4.08,16,0,0,12,1,-9,83,2,-6,2,3,3,3,3,300
4.08,16,0,0,9,-24,-4,76,48,8,7,2,3,3,3,300
4.08,16,0,0,8,23,15,4,229,-2,13,2,3,3,3,300
4.08,16,1,0,13,4,-2,66,77,-18,-16,3,3,3,3,300
4.08,16,0,0,11,-16,-19,58,234,16,10,3,3,3,3,300
4.08,16,0,0,6,-32,2,42,156,8,5,2,3,3,3,300
4.08,16,0,0,13,-18,8,23,133,8,-13,2,3,3,3,300
4.08,15,0,0,11,1,-13,6,45,23,-4,2,3,3,3,300
4.08,15,0,0,7,-36,-4,67,343,6,2,1,3,3,3,300
4.08,15,0,0,10,-23,-2,94,300,4,-4,2,3,3,3,300
4.08,15,0,1,13,16,-1,27,76,-8,10,3,3,3,3,300
4.08,15,1,-1,10,6,15,11,353,-12,7,3,3,3,3,300
4.08,15,0,0,9,23,-19,28,212,-4,-8,1,3,3,3,301
4.08,15,0,0,9,18,8,60,213,-6,21,0,3,3,3,301
4.08,15,0,0,11,-10,-20,41,266,13,3,1,3,3,3,301
4.08,15,0,0,7,-6,-23,13,260,2,-5,0,3,3,3,301
4.08,15,0,0,12,-11,-11,-83,41,7,11,2,3,3,3,301
4.08,15,0,1,10,-26,-4,-39,44,3,12,0,3,3,3,301
4.08,15,0,0,8,-17,11,-48,247,9,12,0,3,3,3,301
4.08,15,0,-1,11,-12,-1,-72,205,14,6,0,3,3,3,301
4.08,15,0,1,10,-21,-11,-60,146,3,4,0,3,3,3,301
4.08,14,0,0,8,-18,-4,-20,77,6,4,0,3,3,3,301
4.08,14,0,0,10,-8,-12,-50,276,5,4,1,3,3,3,301
4.08,14,0,0,9,-6,-5,-52,202,4,1,0,3,3,2,301
4.08,14,0,0,10,-16,-8,-67,87,4,4,1,3,3,2,302
4.08,14,0,0,10,-13,-2,-56,305,3,3,3,3,3,2,302
4.08,14,0,0,10,-10,-8,-40,202,4,3,0,3,3,2,302
4.08,14,0,0,10,-14,-5,-43,128,5,4,0,3,3,2,302
4.08,14,0,0,10,-11,-7,-34,323,4,4,1,3,3,2,302
4.08,14,0,0,9,-13,-6,-43,218,4,2,0,3,3,2,302
4.08,14,0,0,10,-10,-8,-51,146,4,3,3,3,3,2,302
4.08,14,0,0,10,-13,0,-39,7,3,3,1,3,3,2,302
4.08,13,0,0,10,-12,-8,-59,232,5,2,0,3,3,2,302
4.07,13,0,0,9,-12,0,-36,143,3,3,2,3,3,2,302
4.08,13,0,0,10,-12,-5,-50,19,3,2,1,3,3,2,302
4.07,13,0,0,9,-13,-4,-39,217,4,4,0,3,3,2,302
4.07,13,0,0,10,-15,-6,-47,162,4,4,3,3,3,2,303
4.08,13,0,0,9,-15,-2,-32,36,3,3,1,3,3,2,303
4.07,13,0,0,10,-17,-10,-38,252,5,3,2,3,3,2,303
4.07,13,0,0,9,-9,-3,-46,174,4,3,0,3,3,2,303
4.07,12,0,0,9,-12,-3,-48,55,4,3,1,3,3,2,303
4.07,12,0,0,9,-14,-3,-49,274,3,2,2,3,3,2,303
4.07,12,0,0,9,-9,0,-46,168,2,3,0,3,3,2,303
4.07,12,0,0,9,-11,-2,-47,74,3,3,0,3,3,2,303
4.07,12,0,0,9,-11,-6,-52,265,3,2,2,3,3,2,303
4.07,12,0,0,9,-15,-5,-63,180,3,3,0,3,3,2,303
4.07,11,0,0,9,-10,-4,-41,104,4,2,1,3,3,2,303
4.07,11,0,0,10,-15,-3,-54,273,3,3,0,3,3,1,304
4.07,11,0,0,9,-9,-6,-46,171,5,2,0,3,3,1,304
4.07,11,0,0,10,-11,-8,-55,36,5,3,0,3,3,1,304
4.07,11,0,0,9,-6,-7,-37,284,4,1,0,3,3,1,304
4.07,11,0,0,9,-8,-4,-49,118,3,3,0,3,3,1,304
4.07,10,0,0,9,-10,-6,-72,16,4,2,0,3,3,1,304
4.07,10,0,0,9,-10,2,-38,228,2,4,0,3,3,1,304
4.07,10,0,0,10,-13,0,-42,77,1,4,0,3,3,1,304
4.07,10,0,0,9,-13,1,-57,309,2,3,0,3,3,1,304
4.07,10,0,0,10,-7,-9,-51,216,5,1,0,3,3,2,304
4.07,10,0,0,9,-8,0,-56,159,2,2,1,3,3,2,304
4.07,9,0,0,10,-12,-8,-47,59,4,4,2,3,3,2,304
4.07,9,0,0,10,-12,-4,-40,253,5,4,0,3,3,2,305
4.07,9,0,0,9,-9,-5,-42,143,4,3,3,3,3,2,305
4.07,9,0,0,10,-15,-2,-36,48,3,4,1,3,3,2,305
4.07,9,0,0,10,-9,-11,-44,249,6,2,0,3,3,2,305
4.07,9,0,0,9,-6,0,-27,99,4,2,0,3,3,2,305
4.07,9,0,0,10,-15,0,-49,272,2,4,2,3,3,2,305
4.07,8,0,0,9,-8,-9,-40,164,5,1,0,3,3,2,305
4.07,8,0,0,10,-14,-7,-53,103,3,2,1,3,3,2,305
4.07,8,0,0,9,-3,-1,-62,266,3,1,0,3,3,2,305
4.07,8,0,0,10,-16,-4,-22,156,3,3,1,3,3,2,305
4.07,8,0,0,10,-5,0,-76,28,3,2,0,3,3,2,305
4.07,8,0,0,10,-13,7,-71,246,0,4,1,3,3,2,305
4.07,7,0,0,9,3,-11,-18,232,5,-1,1,3,3,2,306
4.07,7,0,0,9,3,-1,56,114,3,0,1,3,3,2,306
4.07,7,0,0,9,2,0,41,230,0,-1,0,3,3,2,306
4.07,7,0,0,10,7,-13,-19,233,5,-2,2,3,3,2,306
4.07,7,0,0,9,12,4,-54,322,0,-3,0,3,3,2,306
4.07,7,0,0,9,6,-7,71,123,2,-5,0,3,3,2,306
4.07,6,0,0,10,10,7,85,112,-2,-8,1,3,3,2,306
4.07,6,0,0,9,2,2,45,92,1,0,2,3,3,2,306
4.07,6,0,0,9,6,8,34,337,0,0,2,3,3,2,306
4.07,6,0,0,10,9,0,-18,243,1,-2,0,3,3,2,306
4.07,6,0,0,9,0,4,-25,313,0,0,1,3,3,2,306
4.07,6,0,0,9,2,-10,-9,44,5,0,2,3,3,2,306
4.07,6,0,0,10,12,-3,64,210,3,-3,3,3,3,2,307
4.07,6,0,0,9,3,0,31,31,3,-1,2,3,3,2,307
4.07,5,0,0,9,0,10,49,212,-1,0,2,3,3,2,307
4.07,5,0,0,9,6,-3,-43,145,4,-3,3,3,3,2,307
4.07,5,0,0,9,-3,5,-20,242,1,0,0,3,3,2,307
4.07,5,0,0,9,-7,-1,-43,93,0,2,2,3,3,2,307
4.07,5,0,0,9,0,-5,-34,228,4,1,2,3,3,2,307
4.07,5,0,0,10,16,-5,3,308,4,-3,2,3,3,2,307
4.07,5,0,0,10,4,12,77,34,-2,-2,2,3,3,2,307
4.07,5,0,0,9,0,-3,29,66,4,1,2,3,3,2,307
4.07,4,0,0,10,-13,-1,14,318,1,2,3,3,3,2,307
4.07,4,0,0,9,-3,-8,-25,48,3,1,3,3,3,2,307
4.07,4,0,0,9,2,-2,27,95,1,-1,2,3,3,2,308
4.07,4,0,0,9,6,1,10,28,2,-1,0,3,3,2,308
4.07,4,0,0,10,0,-3,7,302,4,0,3,3,3,2,308
4.07,4,0,0,9,-5,-1,-17,349,4,1,3,3,3,2,308
4.07,4,0,0,10,-3,1,-47,176,1,0,1,3,3,2,308
4.07,4,0,0,9,1,-8,-37,22,6,-1,2,3,3,2,308
4.07,4,0,0,9,6,-5,8,87,5,-1,3,3,3,2,308
4.07,4,0,0,9,-5,-1,28,342,2,2,3,3,3,2,308
4.07,4,0,0,9,-2,-3,-3,314,4,0,1,3,3,2,308
4.07,4,0,0,9,-4,0,-21,55,1,0,3,3,3,2,308
4.07,4,0,0,9,2,-5,-23,172,3,0,3,3,3,2,308
4.07,4,0,0,9,1,0,10,178,1,1,3,3,3,2,308
4.07,4,0,0,9,3,1,10,104,0,-1,3,3,3,2,309
4.07,4,0,0,9,2,0,-19,112,1,-1,3,3,3,2,309
4.07,4,0,0,9,-1,3,-23,207,0,0,3,3,3,2,309
4.07,3,0,0,9,0,1,-5,288,1,0,3,3,3,2,309
4.07,4,0,0,9,-1,-1,-18,341,4,1,3,3,3,2,309
4.07,4,0,0,10,0,2,0,83,2,0,3,3,3,2,309
4.07,3,0,0,9,2,-2,4,14,3,0,3,3,3,2,309
4.07,3,0,0,9,3,-3,-14,39,4,-1,0,3,3,1,309
4.07,3,0,0,9,0,0,-34,185,2,-1,2,3,3,1,309
4.07,3,0,0,9,0,4,22,215,0,0,2,3,3,1,309
4.07,3,0,0,9,2,0,2,110,3,0,2,3,3,1,309
4.07,3,0,0,9,-3,1,-46,217,3,0,2,3,3,1,309
4.07,3,0,0,9,-1,2,-17,55,1,2,1,3,3,1,310
4.07,3,0,0,9,-4,1,-1,90,2,1,1,3,3,1,310
4.07,3,0,0,9,0,0,-9,114,3,0,2,3,3,1,310
4.07,3,0,0,9,-7,0,-21,213,1,1,0,3,3,1,310
4.07,3,0,0,9,0,-1,-30,357,1,1,0,3,3,1,310
4.07,3,0,0,9,-3,4,-7,66,2,2,0,3,3,1,310
4.07,3,0,0,10,-4,-1,5,144,3,0,0,3,3,2,310
4.07,3,0,0,9,0,0,5,165,3,-1,1,3,3,2,310
4.07,3,0,0,9,4,0,-5,144,3,-1,0,3,3,2,310
4.07,3,0,0,9,2,-1,-11,210,4,-1,2,3,3,2,310
4.07,3,0,0,9,0,9,-4,290,0,0,3,3,3,2,310
4.07,3,0,0,10,-3,0,15,169,1,2,2,3,3,2,310
4.07,3,0,0,9,-9,6,-33,210,0,3,2,3,3,2,311
4.07,3,0,0,10,7,-5,-19,32,3,-1,3,3,3,2,311
4.07,3,0,0,10,6,6,-2,79,0,-1,2,3,3,2,311
4.07,3,0,0,9,2,0,-19,92,0,-1,2,3,3,2,311
4.07,3,0,0,9,-1,-6,-33,209,4,2,2,3,3,2,311
4.07,3,0,0,9,-3,5,47,167,-1,1,1,3,3,2,311
4.07,4,0,0,9,3,5,-32,102,0,-1,1,3,3,2,311
4.07,3,0,0,9,-4,-10,-29,284,5,1,0,3,3,2,311
4.07,3,0,0,9,3,1,-22,42,0,0,0,3,3,2,311
4.07,3,0,0,9,-4,4,-9,91,1,3,2,3,3,2,311
4.07,3,0,0,9,-7,0,18,90,3,3,2,3,3,2,311
4.07,3,0,0,9,1,5,23,18,0,0,3,3,3,2,311
4.07,4,0,0,10,7,0,-8,293,2,-2,3,3,3,2,312
4.07,3,0,0,10,5,0,26,226,1,-1,2,3,3,2,312
4.07,3,0,0,9,-9,-5,3,163,4,3,3,3,3,2,312
4.07,3,0,0,9,-2,6,-60,21,0,1,2,3,3,2,312
4.07,3,0,0,9,-1,0,-76,4,1,2,3,3,3,2,312
4.07,3,0,0,10,-11,-2,-95,64,6,4,2,3,3,2,312
4.07,3,0,0,10,-8,-1,-57,116,2,0,0,3,3,2,312
4.07,3,0,0,9,-9,-1,-55,11,4,2,2,3,3,2,312
4.07,3,0,0,9,0,-5,-57,324,5,0,3,3,3,2,312
4.07,4,0,0,10,-9,-2,-45,211,3,2,2,3,3,2,312
4.07,4,0,0,9,2,-8,-30,0,5,-1,2,3,3,2,312
4.07,4,0,0,10,9,1,-20,133,2,-3,3,3,3,2,312
4.07,4,0,0,9,9,-4,-1,72,4,-1,2,3,3,2,313
4.07,4,0,0,9,0,-4,44,328,1,0,1,3,3,2,313
4.07,3,0,0,9,2,1,9,194,2,-1,0,3,3,2,313
4.07,4,0,0,9,1,-1,-14,229,4,-2,2,3,3,2,313
4.07,4,0,0,9,0,2,-21,304,1,0,3,3,3,2,313
4.07,4,0,0,10,-8,0,-26,75,2,3,2,3,3,2,313
4.07,4,0,0,9,0,0,1,167,1,1,2,3,3,2,313
4.07,4,0,0,10,-3,6,24,128,0,2,2,3,3,2,313
4.07,4,0,0,9,5,1,10,357,1,0,1,3,3,2,313
4.07,4,0,0,9,1,-5,5,295,4,1,0,3,3,2,313
4.07,4,0,0,9,0,-5,-9,316,4,1,3,3,3,2,313
4.07,4,0,0,9,6,0,-22,30,3,-1,2,3,3,2,313
4.07,4,0,0,9,0,-5,8,352,3,2,2,3,3,2,314
4.07,4,0,0,9,1,2,33,283,0,0,2,3,3,2,314
4.07,4,0,0,10,7,5,9,194,0,-2,2,3,3,2,314
4.07,4,0,0,9,-3,-8,24,71,4,2,3,3,3,2,314
4.07,4,0,0,10,1,-6,-22,113,4,0,3,3,3,2,314
4.07,4,0,0,9,-8,9,-43,225,0,1,0,3,3,2,314
4.07,4,0,0,10,6,-9,-45,80,5,0,1,3,3,2,314
4.07,4,0,0,9,-10,-2,39,45,1,3,1,3,3,2,314
4.07,4,0,0,9,-4,3,-5,31,0,0,0,3,3,2,314
4.07,4,0,0,9,4,19,63,7,-4,0,0,3,3,2,314
4.07,4,0,0,10,17,2,86,348,0,-10,3,3,3,2,314
4.07,4,0,0,10,25,3,43,9,0,-6,0,3,3,3,314
4.07,4,0,0,10,18,16,49,30,-2,-5,1,3,3,3,315
4.07,4,0,0,10,18,25,26,58,-4,-4,0,3,3,3,315
4.07,4,0,0,9,-2,2,91,121,5,-1,0,3,3,3,315
4.07,4,0,0,10,8,-14,81,134,7,-3,0,3,3,3,315
4.07,4,0,0,11,1,29,27,314,-6,-1,2,3,3,3,315
4.07,4,0,0,11,-2,-22,33,44,7,0,2,3,3,3,315
4.07,4,0,0,10,13,10,-68,156,-3,-3,1,3,3,3,315
4.07,4,0,0,10,7,23,-100,140,-7,0,1,3,3,3,315
4.07,4,0,0,9,1,-13,-82,326,2,-4,2,3,3,3,315
4.07,4,0,0,10,-19,-2,-49,177,3,5,0,3,3,3,315
4.07,4,0,0,10,-7,-19,-101,264,15,-7,0,3,3,3,315
4.07,4,0,0,9,-4,-6,-42,211,5,0,1,3,3,3,315
4.07,4,0,0,9,-3,1,-38,53,2,2,2,3,3,3,316
4.07,4,0,0,9,-4,-3,1,141,4,1,2,3,3,2,316
4.07,4,0,0,10,-9,-1,15,140,3,3,2,3,3,2,316
4.07,4,0,0,9,-8,-7,-3,163,5,3,2,3,3,2,316
4.07,4,0,0,9,2,0,-50,287,2,0,3,3,3,2,316
4.07,4,0,0,9,-6,-2,-12,139,3,2,3,3,3,2,316
4.07,4,0,0,10,-1,-7,-13,206,4,1,2,3,3,2,316
4.07,4,0,0,10,9,-4,-27,296,4,-1,2,3,3,2,316
4.07,4,0,0,10,-16,2,41,159,0,4,1,3,3,2,316
4.07,4,0,0,9,-8,-13,-49,261,5,2,1,3,3,2,316
4.07,4,0,0,10,-3,8,-47,140,-1,0,0,3,3,2,316
4.07,4,0,0,9,-1,-5,-32,294,5,0,2,3,3,2,316
4.07,4,0,0,10,1,5,-37,131,0,-1,2,3,3,2,317
4.07,4,0,0,9,-1,-7,-14,250,5,0,3,3,3,2,317
4.07,4,0,0,9,0,1,-13,313,0,1,0,3,3,2,317
4.07,4,0,0,9,-2,4,-6,12,0,2,3,3,3,2,317
4.07,4,0,0,10,-4,3,3,37,2,2,3,3,3,2,317
4.07,4,0,0,9,-12,1,0,84,3,3,2,3,3,2,317
4.07,4,0,0,9,0,0,-37,177,1,0,1,3,3,2,317
4.07,4,0,0,10,-4,4,15,216,0,3,3,3,3,2,317
4.07,4,0,0,9,-1,3,1,179,0,0,1,3,3,2,317
4.07,4,0,0,9,-4,4,-28,242,0,3,2,3,3,2,317
4.07,4,0,0,10,-4,-5,9,341,5,1,3,3,3,2,317
4.07,4,0,0,9,-1,8,38,243,0,1,3,3,3,2,318
4.07,4,0,0,9,9,-4,24,51,3,-3,1,3,3,2,318
4.07,4,0,0,10,4,-5,-13,10,3,-2,3,3,3,2,318
4.07,4,0,0,9,-1,5,-40,133,0,1,2,3,3,2,318
4.07,4,0,0,10,-4,-3,-9,304,2,2,2,3,3,2,318
4.07,4,0,0,10,7,-9,-21,10,6,-1,2,3,3,2,318
4.07,4,0,0,9,6,-3,1,26,2,-1,1,3,3,2,318
4.07,4,0,0,9,2,0,-22,55,1,0,2,3,3,2,318
4.07,4,0,0,10,-1,4,-32,153,0,2,3,3,3,2,318
4.07,4,0,0,9,2,-5,-20,309,4,-1,0,3,3,2,318
4.07,4,0,0,10,4,1,-4,21,0,-1,0,3,3,2,318
4.07,4,0,0,9,-4,-4,-13,28,2,2,2,3,3,2,318
4.07,4,0,0,9,0,-5,-27,164,5,0,3,3,3,2,319
4.07,4,0,0,9,-2,4,-47,292,2,0,1,3,3,2,319
4.07,4,0,0,9,0,-9,-55,222,6,0,3,3,3,2,319
4.07,4,0,0,9,-9,5,-40,83,-1,2,3,3,3,2,319
4.07,4,0,0,10,2,-8,-32,240,5,0,3,3,3,2,319
4.07,4,0,0,10,-11,12,-41,61,-2,2,0,3,3,2,319
4.07,4,0,0,10,8,-17,-35,258,7,-2,1,3,3,2,319
4.07,4,0,0,9,9,3,-29,330,2,-2,2,3,3,2,319
4.07,4,0,0,9,11,4,-7,319,1,-3,0,3,3,2,319
4.07,4,0,0,10,9,8,-26,331,0,-3,2,3,3,2,319
4.07,4,0,0,9,-6,7,-15,58,1,2,0,3,3,2,319
4.07,4,0,0,9,8,0,-58,232,0,-2,1,3,3,2,319
4.07,4,0,0,9,-5,2,-1,14,2,3,0,3,3,2,320
4.07,4,0,0,9,3,-4,-22,137,3,-2,1,3,3,2,320
4.07,4,0,0,10,6,5,-14,204,0,-2,1,3,3,2,320
4.07,4,0,0,9,-1,8,-5,193,0,0,2,3,3,2,320
4.07,4,0,0,9,3,0,-8,249,1,-1,2,3,3,2,320
4.07,4,0,0,9,1,4,6,207,0,0,3,3,3,2,320
4.07,4,0,0,9,2,1,-7,184,0,0,3,3,3,2,320
4.07,4,0,0,9,5,2,-8,211,1,-1,3,3,3,2,320
4.07,4,0,0,10,0,3,-20,234,1,1,0,3,3,2,320
4.07,4,0,0,10,-9,1,-15,314,1,3,2,3,3,2,320
4.07,4,0,0,9,8,-4,-30,114,3,-2,2,3,3,2,320
4.07,4,0,0,9,4,9,-15,187,0,-1,1,3,3,2,320
4.06,4,0,0,9,-7,8,-9,225,-1,2,2,3,3,2,321
4.07,4,0,0,10,-3,0,6,282,1,1,3,3,3,2,321
4.07,4,0,0,8,-5,2,4,250,0,2,1,3,3,2,321
4.07,4,0,0,9,-4,-6,-2,261,2,3,1,3,3,2,321
4.07,4,0,0,10,3,-4,-16,327,4,0,3,3,3,2,321
4.07,4,0,0,10,0,6,1,54,0,0,3,3,3,2,321
4.07,4,0,0,9,-4,2,-2,11,1,2,3,3,3,2,321
4.07,4,0,0,9,-2,0,-30,126,2,0,2,3,3,2,321
4.07,5,0,0,9,-10,0,-8,208,2,3,3,3,3,2,321
4.07,4,0,0,9,-2,-5,-16,283,4,1,1,3,3,2,321
4.06,4,0,0,9,5,-1,-28,39,2,-2,3,3,3,2,321
4.07,5,0,0,9,0,6,-35,160,0,0,2,3,3,2,321
4.07,4,0,0,9,-7,2,-3,271,0,2,3,3,3,2,322
4.07,5,0,0,10,-10,-4,2,280,3,4,0,3,3,2,322
4.07,4,0,0,10,1,-12,-42,53,6,0,2,3,3,2,322
4.06,4,0,0,9,1,-2,-21,203,3,-1,3,3,3,2,322
4.07,4,0,0,9,-2,4,-18,289,0,1,1,3,3,2,322
4.07,4,0,0,10,0,8,16,300,-1,0,2,3,3,2,322
4.07,4,0,0,9,-5,2,8,181,2,2,2,3,3,2,322
4.07,4,0,0,9,-11,-6,-6,231,5,4,2,3,3,2,322
4.06,4,0,0,9,0,-2,-33,22,1,0,2,3,3,2,322
4.07,4,0,0,10,0,1,-34,174,3,0,0,3,3,2,322
4.07,4,0,0,10,2,5,-12,320,0,-1,3,3,3,2,322
4.07,4,0,0,9,2,-1,-4,296,3,-1,2,3,3,2,322
4.07,4,0,0,9,3,0,-32,13,2,0,3,3,3,2,323
4.07,4,0,0,10,6,12,15,58,0,-1,0,3,3,2,323
4.07,4,0,0,9,0,12,71,120,-2,-2,0,3,3,2,323
4.07,4,0,0,10,22,3,70,68,3,-6,0,3,3,2,323
4.07,4,0,0,9,7,-7,65,98,5,-2,1,3,3,2,323
4.06,4,0,0,10,-1,22,50,246,-4,0,3,3,3,2,323
4.06,4,0,0,9,3,17,92,277,-5,-3,2,3,3,2,323
4.07,4,0,0,9,4,2,72,220,1,-3,3,3,3,2,323
4.07,4,0,0,10,0,3,51,336,0,0,2,3,3,2,323
4.07,4,0,0,9,2,4,-8,221,0,0,3,3,3,2,323
4.07,4,0,0,10,1,7,-23,262,1,0,2,3,3,2,323
4.06,4,0,0,9,-1,11,4,358,-1,0,0,3,3,2,323
4.07,4,0,0,9,6,10,-19,334,-1,-2,2,3,3,2,324
4.07,4,0,0,9,-4,11,-16,45,-1,0,3,3,3,2,324
4.07,4,0,0,10,-7,8,11,89,-1,2,3,3,3,2,324
4.07,4,0,0,10,11,12,-5,6,0,-3,2,3,3,2,324
4.06,4,0,0,9,-11,-1,38,172,1,4,2,3,3,2,324
4.07,4,0,0,9,0,4,14,109,0,0,2,3,3,2,324
4.07,4,0,0,9,3,4,-6,63,0,-1,2,3,3,2,324
4.07,4,0,0,9,-1,3,-31,113,2,0,1,3,3,2,324
4.07,4,0,0,10,-11,-5,-27,251,2,3,1,3,3,2,324
4.06,4,0,0,9,4,1,-49,98,2,-3,1,3,3,2,324
4.06,4,0,0,9,-9,3,-10,231,0,3,3,3,3,2,324
4.06,4,0,0,10,-8,-2,6,283,2,4,0,3,3,2,324
4.07,4,0,0,9,-10,-5,5,287,3,4,2,3,3,2,325
4.07,4,0,0,9,0,-1,2,323,1,1,2,3,3,2,325
4.06,4,0,0,9,-1,3,11,290,0,1,1,3,3,2,325
4.07,4,0,0,9,-1,5,-20,306,0,1,1,3,3,2,325
4.07,4,0,0,9,0,-1,-5,16,2,2,0,3,3,2,325
4.06,4,0,0,9,-1,-2,2,355,2,2,1,3,3,2,325
4.06,4,0,0,10,-3,-4,-5,13,3,2,2,3,3,2,325
4.06,4,0,0,9,1,-6,-21,84,5,0,3,3,3,2,325
4.06,4,0,0,10,-4,7,-25,216,0,0,3,3,3,2,325
4.07,4,0,0,9,-1,-3,-15,11,4,0,3,3,3,2,325
4.06,4,0,0,9,0,-3,-2,77,2,-1,3,3,3,2,325
4.06,4,0,0,9,0,7,-42,129,-1,1,3,3,3,2,325
4.06,4,0,0,9,0,-1,-27,328,2,0,0,3,3,2,326
4.06,4,0,0,9,-4,3,-36,110,0,3,0,3,3,2,326
4.06,4,0,0,9,5,-3,-23,264,4,-2,3,3,3,2,326
4.06,4,0,0,10,0,2,-16,339,1,-1,2,3,3,2,326
4.06,4,0,0,8,0,5,4,11,1,0,2,3,3,2,326
4.06,4,0,0,10,0,0,20,272,0,1,3,3,3,2,326
4.06,4,0,0,10,4,0,29,187,1,-2,0,3,3,2,326
4.06,4,0,0,9,-6,-3,4,60,3,2,3,3,3,2,326
4.06,4,0,0,9,-3,5,-23,143,1,0,3,3,3,2,326
4.06,4,0,0,9,-2,2,-30,274,0,1,3,3,3,2,326
4.06,4,0,0,9,-3,0,-29,52,2,2,3,3,3,2,326
4.06,4,0,0,10,0,0,-9,172,1,0,2,3,3,2,326
4.06,4,0,0,9,2,-6,-14,233,4,0,2,3,3,2,327
4.06,4,0,0,9,3,0,-15,254,3,-1,2,3,3,2,327
4.06,4,0,0,9,-3,2,-11,326,2,0,3,3,3,2,327
4.06,4,0,0,10,-3,-5,-20,59,2,0,2,3,3,2,327
4.06,4,0,0,10,4,0,-12,170,0,-1,3,3,3,2,327
4.06,4,0,0,10,0,-2,-18,184,2,2,2,3,3,2,327
4.06,4,0,0,9,-5,2,-39,292,2,2,2,3,3,2,327
4.06,4,0,0,9,-1,0,-50,212,2,2,2,3,3,2,327
4.06,4,0,0,9,4,0,-52,103,0,-2,1,3,3,2,327
4.06,4,0,0,9,-8,0,-5,247,3,3,3,3,3,2,327
4.06,4,0,0,10,0,-1,-32,24,3,-1,3,3,3,2,327
4.06,4,0,0,9,-2,-7,-31,197,4,1,1,3,3,2,327
4.06,4,0,0,8,0,-2,-11,249,2,1,3,3,3,2,328
4.06,4,0,0,9,0,0,-21,346,3,0,0,3,3,2,328
4.06,4,0,0,9,0,2,-23,84,0,0,1,3,3,2,328
4.06,4,0,0,10,-8,5,-28,181,0,3,1,3,3,2,328
4.06,4,0,0,8,2,-10,-32,355,6,0,0,3,3,2,328
4.06,4,0,0,9,-3,4,-56,182,-1,2,2,3,3,2,328
4.06,4,0,0,10,5,0,-45,124,1,-3,2,3,3,2,328
4.06,4,0,0,10,-6,-1,-36,322,0,2,3,3,3,2,328
4.06,4,0,0,9,0,7,-48,133,-1,0,3,3,3,2,328
4.06,4,0,0,9,-8,4,-31,326,2,2,3,3,3,2,328
4.06,4,0,0,9,-1,8,-50,148,0,0,3,3,3,2,328
4.06,4,0,0,9,3,-8,-44,22,4,-1,1,3,3,2,328
4.06,4,0,0,9,2,7,-40,169,0,-1,3,3,3,2,329
4.06,4,0,0,9,-9,-2,-20,314,2,3,2,3,3,2,329
4.06,4,0,0,9,3,1,-61,164,3,-1,3,3,3,2,329
4.06,4,0,0,9,-4,0,-21,43,0,0,3,3,3,2,329
4.06,4,0,0,9,2,-1,-22,119,2,1,2,3,3,2,329
4.06,4,0,0,9,-5,3,8,140,0,3,1,3,3,2,329
4.06,4,0,0,11,-18,-1,2,150,2,5,1,3,3,2,329
4.06,4,0,0,10,4,-15,-30,273,6,-1,2,3,3,2,329
4.06,4,0,0,9,5,5,-42,42,0,-2,0,3,3,2,329
4.06,4,0,0,9,-6,-5,-7,199,2,2,3,3,3,2,329
4.06,4,0,0,10,4,-5,-12,262,3,0,0,3,3,2,329
4.06,4,0,0,10,5,6,-34,337,-1,0,3,3,3,2,329
4.06,4,0,0,8,-7,-1,-18,101,3,3,2,3,3,2,330
4.06,4,0,0,9,-3,-7,15,153,4,2,3,3,3,2,330
4.06,4,0,0,9,-9,5,58,67,0,2,1,3,3,2,330
4.06,4,0,0,10,-6,-3,74,97,1,0,1,3,3,2,330
4.06,4,0,0,8,3,-11,53,143,3,-1,0,3,3,2,330
4.06,4,0,0,10,-6,10,34,301,0,4,0,3,3,2,330
4.06,4,0,0,10,11,-9,25,118,3,-4,0,3,3,2,330
4.06,4,0,0,10,19,-14,-8,46,5,-5,0,3,3,2,330
4.06,4,0,0,10,12,-11,-9,78,5,-3,1,3,3,2,330
4.06,4,0,0,9,13,0,-18,101,1,-3,2,3,3,3,330
4.06,4,0,0,10,-8,11,-36,162,-1,3,1,3,3,3,330
4.06,4,0,0,10,7,-4,-53,53,4,-3,3,3,3,2,331
4.06,4,0,0,9,-9,0,-22,209,3,3,1,3,3,2,331
4.06,4,0,0,10,1,0,-49,57,2,0,2,3,3,2,331
4.06,4,0,0,9,0,0,-14,201,3,1,3,3,3,2,331
4.06,4,0,0,9,0,-1,-4,231,3,1,2,3,3,2,331
4.06,4,0,0,10,-8,3,-10,259,1,3,2,3,3,2,331
4.06,4,0,0,9,-1,0,-25,30,4,1,0,3,3,2,331
4.06,4,0,0,9,-4,-4,-27,168,2,0,2,3,3,2,331
4.06,4,0,0,10,1,0,-35,319,2,1,3,3,3,2,331
4.06,4,0,0,9,-1,0,-31,138,2,0,3,3,3,2,331
4.06,4,0,0,9,0,-2,-6,237,1,0,0,3,3,2,331
4.06,4,0,0,9,-7,2,-33,278,0,3,3,3,3,2,331
4.06,4,0,0,9,4,0,-38,165,2,-2,2,3,3,2,332
4.06,4,0,0,9,0,6,-8,237,0,0,3,3,3,2,332
4.06,4,0,0,9,-4,5,-7,281,0,1,3,3,3,2,332
4.06,4,0,0,9,-4,6,2,313,0,1,3,3,3,2,332
4.06,4,0,0,9,-1,2,0,309,2,0,3,3,3,2,332
4.06,4,0,0,10,5,-1,-3,324,3,-2,3,3,3,2,332
4.06,4,0,0,9,1,6,-8,328,1,-1,2,3,3,2,332
4.06,4,0,0,9,-1,4,-10,351,0,0,3,3,3,2,332
4.06,4,0,0,10,1,2,0,43,0,0,2,3,3,2,332
4.06,4,0,0,9,1,1,-1,10,0,1,3,3,3,2,332
4.06,4,0,0,10,-1,4,1,33,1,0,3,3,3,2,332
4.06,4,0,0,10,-5,5,-21,72,0,3,2,3,3,2,332
4.06,4,0,0,9,-4,-1,-39,228,2,2,2,3,3,2,333
4.06,4,0,0,9,4,4,-38,78,1,-2,0,3,3,2,333
4.06,4,0,0,9,-12,4,-23,195,0,3,2,3,3,2,333
4.06,4,0,0,9,6,-5,-32,354,4,-1,0,3,3,2,333
4.06,4,0,0,9,3,0,-28,100,3,-1,2,3,3,2,333
4.06,4,0,0,9,0,6,-28,231,0,0,3,3,3,2,333
4.06,4,0,0,9,-4,4,5,284,0,2,2,3,3,2,333
4.06,4,0,0,10,3,3,10,237,0,-1,3,3,3,2,333
4.06,4,0,0,9,2,-4,9,138,4,0,0,3,3,2,333
4.06,4,0,0,9,-12,8,49,59,-1,5,1,3,3,2,333
4.06,4,0,0,10,7,6,-10,302,0,-2,0,3,3,2,333
4.06,4,0,0,10,9,7,-6,312,0,-3,3,3,3,2,333
4.06,4,0,0,9,0,3,0,194,0,1,3,3,3,2,334
4.06,4,0,0,9,-1,0,-12,248,4,1,2,3,3,2,334
4.06,4,0,0,9,3,3,-18,14,2,-2,0,3,3,2,334
4.06,4,0,0,9,-1,10,-16,46,-1,0,2,3,3,2,334
4.06,4,0,0,10,-5,0,1,131,1,1,3,3,3,2,334
4.06,4,0,0,10,-10,-1,-10,158,2,4,3,3,3,2,334
4.06,4,0,0,9,-2,-6,-16,266,5,1,0,3,3,2,334
4.06,4,0,0,9,-3,5,-47,71,0,1,2,3,3,2,334
4.06,4,0,0,9,0,0,-59,303,2,-1,1,3,3,2,334
4.06,4,0,0,9,-6,0,-27,164,1,2,3,3,3,2,334
4.06,4,0,0,10,5,1,-33,320,0,-2,2,3,3,2,334
4.06,4,0,0,9,-3,-3,-23,52,4,2,3,3,3,2,334
4.06,4,0,0,9,1,-3,0,145,4,0,3,3,3,2,335
4.06,4,0,0,9,3,-2,-1,158,3,-1,2,3,3,2,335
4.06,4,0,0,10,5,1,-21,170,1,-1,2,3,3,2,335
4.06,4,0,0,10,-3,8,-1,192,0,2,2,3,3,2,335
4.06,4,0,0,9,7,-2,-13,248,2,-1,2,3,3,2,335
4.06,4,0,0,9,3,-1,-4,229,2,1,2,3,3,2,335
4.06,4,0,0,10,2,1,0,216,0,0,2,3,3,2,335
4.06,4,0,0,9,1,-5,-7,238,2,1,0,3,3,2,335
4.06,4,0,0,9,0,-5,-12,249,4,1,3,3,3,2,335
4.06,4,0,0,9,0,0,-27,19,3,0,2,3,3,2,335
4.06,4,0,0,9,2,3,-43,173,1,0,1,3,3,2,335
4.06,4,0,0,10,-8,-12,-23,330,6,2,3,3,3,2,335
4.06,4,0,0,9,-5,4,-40,184,0,0,0,3,3,2,336
4.06,4,0,0,9,4,-3,-41,4,3,-1,2,3,3,2,336
4.05,4,0,0,9,0,8,-24,156,0,0,1,3,3,2,336
4.06,4,0,0,9,-6,1,-17,226,0,1,2,3,3,2,336
4.06,4,0,0,9,-4,-6,-41,15,4,3,1,3,3,2,336
4.06,4,0,0,9,4,2,-40,263,0,-2,3,3,3,2,336
4.06,4,0,0,10,-2,10,-5,318,-1,1,3,3,3,2,336
4.06,4,0,0,9,-6,9,-6,312,-1,3,3,3,3,2,336
4.06,4,0,0,9,-8,0,11,34,2,3,1,3,3,2,336
4.06,4,0,0,10,-5,-2,5,1,3,1,1,3,3,2,336
4.06,4,0,0,9,-3,-6,4,337,5,1,3,3,3,2,336
4.06,4,0,0,9,-1,1,-17,68,1,0,1,3,3,2,336
4.06,4,0,0,9,-5,2,-16,122,0,2,3,3,3,2,337
4.06,4,0,0,10,-3,-3,0,202,2,2,3,3,3,2,337
4.06,4,0,0,10,1,-7,-9,255,5,0,2,3,3,2,337
4.06,4,0,0,9,-5,-1,-24,301,2,3,3,3,3,2,337
4.06,4,0,0,9,-3,0,-27,137,2,0,1,3,3,2,337
4.05,4,0,0,9,-1,-7,-29,243,4,1,2,3,3,2,337
4.06,4,0,0,9,-1,4,-60,93,0,0,3,3,3,2,337
4.06,4,0,0,9,-1,0,-74,65,-1,1,2,3,3,2,337
4.06,4,0,0,9,-3,-2,-70,61,0,2,0,3,3,2,337
4.06,4,0,0,9,0,5,-69,46,-1,1,3,3,3,2,337
4.06,4,0,0,9,-8,0,-97,82,3,4,1,3,3,2,337
4.06,4,0,0,10,-3,-8,-72,173,4,-2,2,3,3,2,337
4.06,5,0,0,10,-14,1,-59,119,1,5,1,3,3,2,338
4.06,4,0,0,9,-4,-7,-69,56,4,0,3,3,3,2,338
4.06,5,0,0,9,-8,0,-42,329,4,2,3,3,3,2,338
4.05,5,0,0,10,-1,2,-69,207,2,2,3,3,3,2,338
4.06,4,0,0,9,-6,4,-85,205,-2,3,2,3,3,2,338
4.05,5,0,0,9,2,-6,-85,283,3,-1,2,3,3,2,338
4.06,5,0,0,9,-2,-4,-65,240,3,0,0,3,3,2,338
4.05,5,0,0,9,-3,2,-50,176,2,0,3,3,3,2,338
4.05,4,0,0,9,2,1,-57,69,0,1,3,3,3,2,338
4.06,5,0,0,10,-6,-8,-45,298,3,2,0,3,3,2,338
4.06,5,0,0,8,0,1,-37,128,3,1,1,3,3,2,338
4.05,5,0,0,9,2,-5,-45,331,1,-1,0,3,3,2,338
4.06,5,0,0,10,-5,2,-41,138,2,3,2,3,3,2,339
4.06,5,0,0,10,1,3,-65,54,-1,0,1,3,3,2,339
4.05,5,0,0,9,-2,6,-46,337,0,0,1,3,3,2,339
4.05,5,0,0,9,0,-8,-32,169,5,0,3,3,3,2,339
4.05,5,0,0,8,1,3,-46,341,1,0,3,3,3,2,339
4.05,5,0,0,10,0,-2,-42,184,2,0,3,3,3,2,339
4.05,5,0,0,10,-1,-2,-23,340,4,0,2,3,3,2,339
