4.09,33,0,0,9,0,0,0,100,0,0,3,3,3,1,264
4.09,33,0,-1,9,-2,0,0,102,2,6,3,3,3,1,264
4.09,33,0,-1,8,-19,-5,-3,99,1,3,3,3,3,1,265
4.09,33,0,0,9,0,0,0,99,2,2,3,3,3,1,265
4.09,33,0,0,9,0,0,0,99,1,2,3,3,3,1,265
4.09,33,0,0,9,0,0,0,104,1,1,3,3,3,1,265
4.09,33,0,0,9,0,0,0,104,1,1,3,3,3,1,265
4.09,33,-2,2,11,10,2,1,109,-9,-7,3,3,3,2,265
4.09,33,-4,0,8,12,5,-51,115,-25,-4,3,3,3,2,265
4.09,33,0,0,10,-4,6,10,81,-4,4,3,3,3,2,265
4.09,33,0,0,9,5,-1,-18,81,-2,1,3,3,3,2,265
4.09,33,0,0,9,4,-9,-1,93,-2,0,3,3,3,2,265
4.09,33,0,0,9,-5,-3,-30,99,0,0,3,3,3,2,265
4.09,33,0,0,9,-1,2,-1,73,-3,-1,3,3,3,2,265
4.09,33,0,0,10,-7,-2,1,81,-5,-3,3,3,3,2,266
4.09,33,0,0,9,0,0,-1,82,-4,0,3,3,3,2,266
4.09,33,0,0,9,0,0,0,83,-4,1,3,3,3,2,266
4.09,33,0,0,9,-1,0,0,83,-5,1,3,3,3,2,266
4.09,33,-1,-2,10,-15,-6,-1,131,-9,18,3,3,3,2,266
4.09,33,0,1,9,-8,2,-12,96,-1,-9,3,3,3,2,266
4.09,33,-1,0,10,8,-8,-45,113,-5,1,3,3,3,2,266
4.09,33,-1,0,9,-3,1,4,82,-8,1,3,3,3,2,266
4.09,33,-1,0,9,7,-4,16,81,-6,5,3,3,3,2,266
4.09,33,-1,0,9,0,0,0,82,-7,4,3,3,3,2,266
4.09,33,-1,0,9,-4,-10,-19,62,-8,-2,3,3,3,2,266
4.09,33,-1,0,9,0,0,0,66,-8,3,3,3,3,2,266
4.09,33,-1,0,9,0,0,1,64,-8,3,3,3,3,2,267
4.09,33,-1,0,9,0,0,0,66,-8,3,3,3,3,2,267
4.09,33,-1,0,9,6,0,-3,64,-7,1,3,3,3,2,267
4.09,33,-1,0,9,-1,0,-2,60,-8,0,3,3,3,2,267
4.09,33,-1,0,9,-1,-1,7,82,-6,4,3,3,3,2,267
4.09,33,-1,-1,9,0,0,1,80,-7,5,3,3,3,2,267
4.09,33,-1,0,10,-17,-8,24,73,-11,1,3,3,3,2,267
4.09,33,-1,0,9,0,0,0,70,-8,4,3,3,3,2,267
4.09,33,-1,-1,9,4,2,-16,82,-9,9,3,3,3,2,267
4.09,33,-1,-1,9,0,-1,3,100,-7,9,3,3,3,2,267
4.09,33,-1,-1,9,-3,0,3,98,-7,9,3,3,3,2,267
4.09,33,-1,-1,9,-6,2,4,69,-9,12,3,3,3,2,267
4.09,33,-1,-1,9,4,0,-16,72,-10,8,3,3,3,2,268
4.09,33,-1,-1,9,1,0,-2,105,-7,10,3,3,3,2,268
4.09,33,-1,-1,9,0,0,0,108,-5,10,3,3,3,2,268
4.09,33,-1,-1,9,-1,1,0,108,-6,10,3,3,3,2,268
4.09,33,0,-1,9,2,-5,3,116,-6,8,3,3,3,2,268
4.09,33,-1,-1,9,0,0,5,117,-7,9,3,3,3,2,268
4.09,33,-1,-1,9,-1,0,-1,93,-6,8,3,3,3,1,268
4.09,32,-1,-1,9,0,0,0,89,-6,8,2,3,3,1,268
4.09,33,-1,0,9,0,0,0,82,-7,5,3,3,3,1,268
4.09,33,-1,0,9,3,-2,-2,78,-8,6,2,3,3,1,268
4.09,33,-2,-1,9,-16,2,14,100,-7,8,3,3,3,2,268
4.09,33,-1,0,9,-1,-8,-2,124,-6,6,3,3,3,2,268
4.09,33,-1,-1,9,0,-1,1,122,-5,7,3,3,3,1,269
4.09,33,0,-1,9,0,0,0,122,-5,8,3,3,3,1,269
4.09,33,-1,-1,9,0,0,0,121,-5,8,3,3,3,1,269
4.09,33,0,-1,9,0,0,0,120,-5,9,3,3,3,1,269
4.09,32,-1,-1,9,0,0,1,120,-5,8,2,3,3,1,269
4.09,33,0,-1,9,0,0,0,119,-5,9,2,3,3,1,269
4.09,33,0,0,10,5,-1,11,122,-5,5,2,3,3,1,269
4.09,33,0,0,9,-1,0,0,124,-3,5,2,3,3,1,269
4.09,32,0,0,9,0,0,-1,121,-3,6,2,3,3,1,269
4.09,33,0,-1,9,1,0,1,122,-4,6,2,3,3,1,269
4.09,33,0,-1,9,2,2,-5,121,-4,6,2,3,3,1,269
4.09,33,0,-1,9,0,0,1,119,-5,7,2,3,3,1,269
4.09,33,-1,-1,9,0,0,0,119,-5,6,2,3,3,1,270
4.09,33,0,-1,9,0,0,0,118,-5,6,2,3,3,1,270
4.09,33,-1,-1,9,0,0,0,114,-7,7,2,3,3,1,270
4.09,33,-2,-1,9,2,0,-41,77,-10,4,2,3,3,1,270
4.09,33,-1,-1,9,0,0,-1,113,-6,7,2,3,3,1,270
4.09,33,-1,-1,9,0,0,-2,111,-7,7,2,3,3,1,270
4.09,33,-1,-1,9,14,10,4,84,-9,4,1,3,3,1,270
4.09,33,0,-1,9,-2,0,-2,103,-2,6,1,3,3,1,270
4.09,33,0,-1,9,0,0,0,101,-3,6,1,3,3,1,270
4.09,33,0,-1,9,-1,0,3,100,-5,8,0,3,3,1,270
4.09,33,0,-1,9,0,0,0,110,-5,10,1,3,3,1,270
4.09,33,0,-1,9,0,0,-1,111,-5,11,1,3,3,1,270
4.09,33,0,-1,9,0,0,0,112,-5,10,1,3,3,1,271
4.09,33,0,-1,9,-2,0,-4,115,-4,11,2,3,3,1,271
4.09,33,-1,0,9,13,1,-15,120,-6,1,2,3,3,1,271
4.09,33,-1,0,9,0,0,0,116,-5,6,2,3,3,1,271
4.09,33,-1,0,9,1,0,1,113,-8,6,2,3,3,1,271
4.09,33,-1,0,9,0,0,0,111,-8,6,3,3,3,1,271
4.09,33,-1,0,9,0,0,-1,111,-8,6,3,3,3,1,271
4.09,33,-1,-1,9,4,0,0,114,-7,7,3,3,3,1,271
4.09,33,-1,0,9,5,0,-16,96,-9,4,2,3,3,1,271
4.09,33,-1,-1,9,-1,0,0,114,-5,8,3,3,3,1,271
4.09,33,-1,-1,9,0,0,-1,110,-6,8,2,3,3,1,271
4.09,33,-1,-1,9,0,0,1,111,-6,9,1,3,3,1,271
4.09,33,0,-1,9,0,0,0,116,-4,9,2,3,3,1,272
4.09,33,0,-1,9,-1,0,3,120,-3,9,2,3,3,1,272
4.09,33,0,-1,9,-11,2,9,118,-7,12,2,3,3,1,272
4.09,33,-1,-1,9,-5,-1,0,139,-5,7,2,3,3,1,272
4.09,33,0,-1,9,-1,1,-3,138,-5,8,1,3,3,1,272
4.09,33,0,-1,9,-1,0,0,137,-4,9,2,3,3,1,272
4.09,33,0,-1,9,0,0,0,138,-4,8,1,3,3,1,272
4.09,33,0,-1,9,0,0,-1,138,-4,9,1,3,3,1,272
4.09,33,0,-1,9,0,0,6,125,-3,9,1,3,3,1,272
4.09,33,0,-1,10,-15,-1,-16,134,-2,11,1,3,3,1,272
4.09,33,0,-1,9,-1,0,0,145,-2,9,1,3,3,1,272
4.09,33,0,-1,9,0,0,0,145,-3,9,1,3,3,1,272
4.09,33,0,-1,9,0,-1,0,146,-3,9,1,3,3,1,273
4.09,33,0,-1,9,0,0,0,146,-2,9,0,3,3,1,273
4.09,33,0,-1,9,-1,0,0,147,-2,9,0,3,3,1,273
4.09,33,0,-1,9,0,0,-2,148,-2,9,0,3,3,1,273
4.09,33,-1,0,10,-16,-7,17,142,-5,4,0,3,3,1,273
4.09,33,0,-1,9,-1,-2,4,145,-4,5,0,3,3,1,273
4.09,33,-1,0,9,3,3,-6,147,-5,5,0,3,3,1,273
4.09,33,0,-1,9,-2,0,2,148,-4,6,0,3,3,1,273
4.09,33,0,-1,9,0,0,0,149,-3,7,0,3,3,1,273
4.09,33,0,-1,9,2,-1,6,147,-4,7,0,3,3,1,273
4.09,33,0,-1,9,0,0,0,146,-4,6,0,3,3,1,273
4.09,33,0,-1,9,1,0,0,145,-1,8,0,3,3,1,273
4.09,33,0,-2,9,3,-3,45,93,-5,10,1,3,3,1,274
4.09,33,-1,0,9,31,10,8,87,-8,3,0,3,3,1,274
4.09,33,-1,-1,9,3,0,1,110,-7,6,1,3,3,1,274
4.09,33,-1,-1,9,0,0,0,111,-7,7,1,3,3,1,274
4.09,33,-1,0,10,2,0,-3,102,-7,2,1,3,3,1,274
4.09,33,-2,0,9,12,-14,-73,110,-3,1,1,3,3,1,274
4.09,33,0,-1,9,0,0,0,135,-4,6,1,3,3,1,274
4.09,33,0,-1,9,0,0,0,135,-5,6,1,3,3,1,274
4.09,33,-1,0,9,17,7,-2,137,-5,3,2,3,3,1,274
4.09,33,-1,1,9,-5,10,3,119,-7,-5,2,3,3,1,274
4.09,33,0,1,9,0,-1,4,124,-5,-8,2,3,3,1,274
4.09,33,-1,0,9,0,0,0,114,-7,-4,2,3,3,1,274
4.09,33,-1,0,9,3,0,-3,134,-6,-3,2,3,3,1,275
4.09,33,0,0,8,-2,-4,39,116,-7,-1,3,3,3,1,275
4.09,33,0,0,8,-5,2,-4,121,-7,-3,2,3,3,1,275
4.09,33,-1,0,9,2,0,-7,131,-6,-2,2,3,3,1,275
4.09,33,-1,0,9,0,0,0,133,-8,-2,2,3,3,1,275
4.09,33,-1,0,9,0,0,-1,135,-6,-1,2,3,3,1,275
4.09,33,-1,0,9,0,0,0,134,-7,-2,2,3,3,1,275
4.09,33,-1,0,9,0,0,0,133,-7,-2,2,3,3,1,275
4.09,33,-1,0,9,3,-1,-2,134,-7,-4,2,3,3,1,275
4.09,34,-1,0,9,0,0,0,135,-6,-5,1,3,3,1,275
4.09,34,0,0,9,1,-1,0,135,-5,-5,1,3,3,1,275
4.09,34,0,1,9,0,0,0,134,0,-9,0,3,3,1,275
4.09,34,0,1,9,0,0,-1,136,0,-9,0,3,3,1,276
4.09,34,0,1,9,0,0,0,136,0,-10,0,3,3,1,276
4.09,34,0,1,9,2,0,-3,130,-3,-8,0,3,3,1,276
4.09,34,0,1,9,0,0,0,121,-2,-9,1,3,3,1,276
4.09,34,-1,2,8,-10,-8,-4,105,-7,-11,1,3,3,1,276
4.09,34,-1,0,9,-1,-2,-1,125,-7,-3,0,3,3,1,276
4.09,34,-1,0,9,1,0,0,118,-9,-4,0,3,3,1,276
4.09,34,-2,0,9,-7,-2,15,123,-19,0,0,3,3,1,276
4.09,34,-1,0,9,1,0,-2,123,-6,0,0,3,3,1,276
4.09,34,-1,-1,9,-3,1,22,76,-6,6,3,3,3,2,276
4.09,34,0,-2,10,-9,-1,-8,67,0,18,3,3,3,2,276
4.09,34,0,-1,8,-4,-1,3,78,-2,6,3,3,3,2,276
4.09,34,0,0,9,-3,4,9,70,-2,2,3,3,3,2,277
4.09,34,0,0,8,-1,-3,18,60,-6,-2,3,3,3,2,277
4.09,34,0,0,8,-53,-4,15,48,-5,-11,3,3,3,2,277
4.09,34,0,1,11,11,-16,0,51,-1,-3,3,3,3,2,277
4.09,34,-1,4,13,24,8,-7,56,-4,-8,3,3,3,2,277
4.09,34,0,1,7,-47,26,-45,58,-3,-7,3,3,3,2,277
4.09,34,0,0,6,-63,-15,19,49,-3,-6,3,3,3,2,277
4.09,34,-2,5,15,41,-15,22,67,-7,-9,3,3,3,2,277
4.09,34,0,2,7,12,-9,-19,71,-1,-12,3,3,3,2,277
4.09,34,0,-1,10,21,8,-10,67,-2,-11,3,3,3,2,277
4.09,34,-1,-2,14,-46,26,-16,67,-3,-4,3,3,3,2,277
4.09,34,0,0,7,21,4,-11,75,-1,-5,3,3,3,2,278
4.09,34,-1,0,11,-44,25,18,99,-3,-9,3,3,3,2,278
4.09,34,-2,0,10,28,-5,15,111,-5,-1,3,3,3,2,278
4.09,34,-1,1,7,-21,-2,0,107,-7,-9,3,3,3,2,278
4.09,34,0,-1,10,-30,11,-24,91,-2,-4,3,3,3,2,278
4.09,34,0,-4,9,-22,-3,-20,100,0,12,3,3,3,2,278
4.09,34,-1,-3,9,4,1,17,99,-6,17,3,3,3,2,278
4.09,34,-1,-3,9,14,2,-4,126,-5,20,3,3,3,2,278
4.09,34,-1,-4,8,-3,3,19,117,-4,23,3,3,3,2,278
4.09,34,1,-4,8,15,6,0,118,11,32,3,3,3,2,278
4.09,34,0,-10,2,-15,-18,-17,111,9,83,3,3,3,2,278
4.09,34,9,-3,1,0,0,-4,190,70,69,3,3,3,2,278
4.09,34,9,-1,0,-1,1,0,194,81,77,3,3,3,2,279
4.09,34,9,-1,0,-1,-2,0,193,80,81,3,3,3,2,279
4.09,34,9,-1,0,0,0,0,193,80,82,3,3,3,2,279
4.09,34,9,-1,0,1,2,1,197,81,83,3,3,3,3,279
4.09,34,0,-1,8,21,-9,-75,303,9,14,0,3,3,3,279
4.09,34,0,0,8,9,-6,61,325,33,0,1,3,3,3,279
4.09,34,0,0,9,16,0,-6,128,6,-2,2,3,3,3,279
4.09,34,0,0,9,0,1,24,260,3,-1,2,3,3,3,279
4.09,34,0,0,11,25,7,50,34,6,-11,2,3,3,3,279
4.09,34,0,0,10,-8,-1,79,130,0,4,2,3,3,3,279
4.09,34,0,0,10,13,10,-10,284,1,-5,3,3,3,3,279
4.09,34,0,0,10,8,-6,32,9,2,0,0,3,3,3,279
4.09,34,0,-1,8,7,4,61,82,0,-5,2,3,3,3,280
4.09,34,0,0,7,13,4,26,15,-4,-7,3,3,3,3,280
4.09,34,0,0,11,-15,10,9,212,3,3,0,3,3,3,280
4.09,34,0,0,11,14,12,62,216,-1,-1,3,3,3,3,280
4.09,34,0,0,8,-4,20,22,272,-2,2,2,3,3,3,280
4.09,34,0,0,10,5,11,5,90,-14,4,2,3,3,3,280
4.09,34,1,0,10,-3,7,-31,64,-2,5,0,3,3,3,280
4.09,33,0,0,9,-5,-23,50,160,9,0,3,3,3,3,280
4.09,33,0,0,10,4,-7,-7,191,4,0,3,3,3,3,280
4.09,33,0,0,10,6,25,19,78,-5,-2,0,3,3,3,280
4.09,33,0,0,9,6,5,33,21,10,13,0,3,3,3,280
4.09,33,0,0,12,18,-3,77,167,1,-8,3,3,3,3,280
4.09,33,0,0,10,13,8,61,206,0,0,2,3,3,3,281
4.09,33,0,-1,8,22,-7,85,7,-3,-8,1,3,3,3,281
4.09,33,0,0,10,7,12,65,47,2,1,0,3,3,3,281
4.09,33,0,0,9,13,-2,74,82,1,-5,2,3,3,3,281
4.09,33,0,0,8,1,5,0,222,3,1,2,3,3,2,281
4.09,33,0,0,12,15,0,108,344,0,-7,2,3,3,2,281
4.09,33,0,0,9,-5,-12,69,117,8,1,3,3,3,3,281
4.09,33,0,0,9,-8,17,2,321,-1,4,1,3,3,3,281
4.09,33,0,0,9,-5,10,-23,182,-1,9,3,3,3,3,281
4.09,32,0,0,9,-2,18,-24,78,-1,0,0,3,3,2,281
4.09,32,1,0,8,-18,-26,5,95,3,22,0,3,3,3,281
4.09,32,0,0,8,-19,3,-61,359,3,7,2,3,3,3,281
4.09,32,0,0,12,12,-12,5,172,1,3,3,3,3,3,282
4.09,32,1,0,10,8,11,26,65,-15,-2,0,3,3,3,282
4.09,32,0,0,8,25,-10,30,303,-2,-6,1,3,3,3,282
4.09,32,0,0,13,5,-6,-50,5,5,3,3,3,3,3,282
4.09,32,0,0,7,-34,5,-50,333,2,10,0,3,3,3,282
4.09,32,0,0,10,-14,5,-29,268,13,7,2,3,3,3,282
4.09,32,1,0,11,-38,-13,-74,225,23,9,1,3,3,3,282
4.09,32,0,0,9,-7,25,-62,130,3,5,2,3,3,3,282
4.09,32,1,0,9,-37,-11,-38,96,4,12,2,3,3,3,282
4.09,32,0,0,13,-13,-14,-56,312,20,6,3,3,3,3,282
4.09,31,1,0,9,-26,-3,-43,235,6,7,2,3,3,3,282
4.09,31,0,0,10,-10,32,-56,167,8,8,0,3,3,3,282
4.09,31,1,1,11,-8,-9,-42,62,-1,15,2,3,3,3,283
4.09,31,1,0,9,0,26,-23,346,-12,2,1,3,3,3,283
4.09,31,0,0,10,5,0,8,271,0,14,3,3,3,3,283
4.09,31,0,-1,10,25,-1,52,63,0,-10,1,3,3,3,283
4.09,31,0,0,9,-20,-11,97,288,-4,-9,0,3,3,3,283
4.09,31,0,0,10,8,-2,65,343,-4,8,3,3,3,3,283
4.09,31,0,0,10,-10,3,81,30,3,9,2,3,3,3,283
4.09,31,0,0,12,8,-10,74,108,0,-3,2,3,3,3,283
4.09,31,0,0,10,5,-15,40,278,17,-6,0,3,3,3,283
4.09,31,0,0,8,14,25,6,46,-2,8,0,3,3,3,283
4.09,31,0,0,12,0,-2,105,183,-2,-13,2,3,3,3,283
4.09,31,0,-1,6,0,28,33,253,-11,-2,2,3,3,3,283
4.09,30,1,0,12,-10,-17,11,85,-6,-1,2,3,3,3,284
4.09,30,1,0,10,0,18,-9,96,-16,4,0,3,3,3,284
4.09,30,0,0,6,-1,26,-33,96,2,21,2,3,3,3,284
4.09,30,0,-1,13,-2,10,-22,156,4,-7,1,3,3,3,284
4.09,30,1,0,10,-4,28,-49,244,-6,4,2,3,3,3,284
4.09,30,1,0,11,2,-8,36,318,12,-16,0,3,3,3,284
4.09,30,1,0,8,-22,5,-56,133,-4,10,2,3,3,3,284
4.09,30,0,0,9,-11,20,-37,85,3,0,2,3,3,3,284
4.09,30,1,0,11,-11,4,-39,324,-1,5,2,3,3,3,284
4.09,30,0,0,3,-15,14,40,273,19,8,3,3,3,3,284
4.09,30,-1,0,11,1,1,93,326,7,-17,3,3,3,3,284
4.09,30,0,-1,11,16,-13,30,279,4,-4,2,3,3,3,284
4.09,30,0,0,11,1,3,13,113,13,-2,3,3,3,3,285
4.09,30,0,0,5,-26,14,114,313,-7,5,3,3,3,3,285
4.09,30,0,0,11,-5,13,96,285,6,-3,1,3,3,3,285
4.09,29,0,0,12,22,0,46,326,5,-19,0,3,3,3,285
4.09,29,0,0,9,16,3,0,26,-5,28,0,3,3,3,285
4.09,29,0,-1,10,12,15,74,185,4,-27,1,3,3,3,285
4.09,29,0,0,8,20,0,25,163,2,-4,2,3,3,3,285
4.09,29,0,0,12,5,6,92,345,1,-12,0,3,3,3,285
4.09,29,0,0,10,25,11,-14,22,5,9,0,3,3,3,285
4.09,29,0,0,8,21,-26,30,105,21,0,3,3,3,3,285
4.09,29,0,0,10,16,-22,154,149,-1,-7,1,3,3,3,285
4.09,29,0,0,3,-25,12,75,213,-2,5,2,3,3,3,285
4.09,29,0,-1,11,-1,-8,67,319,3,-5,0,3,3,3,286
4.09,29,0,0,7,-13,8,123,142,8,-18,1,3,3,3,286
4.09,29,0,0,11,5,-22,17,89,23,-5,2,3,3,3,286
4.09,29,0,0,5,-5,22,11,224,17,22,3,3,3,3,286
4.09,28,0,-1,11,8,5,77,19,-9,-9,1,3,3,3,286
4.09,28,0,0,10,3,41,-22,85,16,1,1,3,3,3,286
4.09,28,0,0,9,-13,-6,53,3,-6,25,3,3,3,3,286
4.09,28,-1,0,10,7,-29,69,113,12,-5,2,3,3,3,286
4.09,28,0,1,12,6,-11,-8,128,-15,12,1,3,3,3,286
4.09,28,0,0,7,-10,21,-3,93,-13,4,1,3,3,3,286
4.09,28,0,0,11,17,-5,-6,354,-6,5,0,3,3,3,286
4.09,28,0,0,10,16,11,26,218,-11,-9,2,3,3,3,286
4.09,28,1,0,11,-1,-20,64,79,1,-5,0,3,3,3,287
4.09,28,0,0,11,20,3,5,343,6,-21,0,3,3,3,287
4.09,28,0,0,10,11,-11,15,337,-8,0,0,3,3,3,287
4.09,28,0,0,11,8,19,3,275,-17,2,2,3,3,3,287
4.09,28,0,0,9,-17,-8,128,27,18,-10,2,3,3,3,287
4.09,28,0,0,10,5,30,68,131,-14,-4,1,3,3,3,287
4.09,28,0,0,9,10,-11,5,30,-3,0,0,3,3,3,287
4.09,28,0,0,10,24,17,35,276,9,-25,3,3,3,3,287
4.09,27,1,0,10,-7,-23,110,231,-11,-4,2,3,3,3,287
4.09,27,0,0,5,-37,-1,110,345,-2,6,1,3,3,3,287
4.09,27,0,0,11,10,0,41,282,8,-3,1,3,3,3,287
4.09,27,0,0,12,11,-24,96,324,-5,0,3,3,3,3,287
4.09,27,1,0,9,-14,6,63,316,-9,9,2,3,3,3,288
4.09,27,0,0,8,-25,7,103,32,4,-3,0,3,3,3,288
4.09,27,0,-1,11,13,29,71,70,-7,-16,1,3,3,3,288
4.09,27,0,0,9,-9,25,13,131,-4,4,0,3,3,3,288
4.09,27,0,0,11,24,10,50,234,-5,-14,3,3,3,3,288
4.09,27,0,0,12,23,-11,41,246,-2,3,0,3,3,3,288
4.09,27,0,0,11,0,-14,22,292,13,11,3,3,3,3,288
4.09,27,0,0,7,9,9,-9,151,8,32,3,3,3,3,288
4.09,27,0,-1,10,18,17,71,294,-1,-9,3,3,3,3,288
4.09,27,0,0,9,17,-10,14,265,2,-1,2,3,3,3,288
4.09,26,1,-1,11,-9,6,91,102,0,-7,0,3,3,3,288
4.09,26,0,0,6,30,9,23,85,-3,-8,2,3,3,3,288
4.09,26,0,-1,12,4,3,68,327,-2,-16,0,3,3,3,289
4.09,26,0,0,12,-15,33,52,107,-4,3,0,3,3,3,289
4.09,26,0,0,5,-24,-26,111,9,23,-7,3,3,3,3,289
4.09,26,0,1,13,14,-1,74,159,-6,17,3,3,3,3,289
4.09,26,0,0,6,-20,16,55,105,-15,4,0,3,3,3,289
4.09,26,1,0,11,18,-7,25,333,-8,4,0,3,3,3,289
4.09,26,0,0,9,-9,-17,81,36,20,12,2,3,3,3,289
4.09,26,0,0,12,24,3,-1,167,-3,-8,3,3,3,3,289
4.09,26,0,0,9,-11,11,59,153,-2,8,0,3,3,3,289
4.09,26,0,0,11,10,-24,78,315,-2,-16,0,3,3,3,289
4.09,26,0,0,11,14,-8,-20,218,0,-21,3,3,3,3,289
4.09,26,0,1,13,-13,2,103,77,0,-11,1,3,3,3,289
4.09,26,0,0,4,-7,-23,63,343,9,-18,3,3,3,3,290
4.09,26,1,1,9,-9,-15,19,142,-1,18,0,3,3,3,290
4.09,25,0,0,8,19,9,-7,34,-5,4,3,3,3,3,290
4.09,25,0,-1,10,12,12,35,187,9,-20,3,3,3,3,290
4.09,25,0,0,11,-11,-11,100,65,0,-1,3,3,3,3,290
4.09,25,0,0,10,-15,-2,46,160,-2,8,0,3,3,3,290
4.09,25,0,0,6,25,26,-38,83,0,14,0,3,3,3,290
4.09,25,1,0,12,-3,2,42,327,-19,-4,3,3,3,3,290
4.09,25,0,0,8,33,15,-17,230,-4,0,3,3,3,3,290
4.09,25,0,-1,11,-19,-4,102,42,-3,-8,0,3,3,3,290
4.09,25,0,0,9,14,-28,58,319,10,-5,2,3,3,3,290
4.09,25,0,1,13,24,-10,88,23,-4,6,3,3,3,3,291
4.09,25,0,0,9,-6,29,78,349,-7,3,2,3,3,3,291
4.09,25,0,0,9,-11,16,89,18,9,-7,3,3,3,3,291
4.09,25,0,0,4,34,-13,32,76,-3,-7,3,3,3,3,291
4.09,25,1,0,11,-11,-6,80,68,-18,9,2,3,3,3,291
4.09,25,0,0,8,-31,-2,124,163,3,0,1,3,3,3,291
4.09,25,0,1,11,-3,-5,103,319,7,22,3,3,3,3,291
4.09,25,1,-1,11,-11,34,60,248,2,8,3,3,3,3,291
4.09,24,0,-1,10,-12,-3,103,332,0,-10,0,3,3,3,291
4.09,24,0,0,4,13,-24,64,258,6,-11,3,3,3,3,291
4.09,24,1,0,13,0,-6,116,275,-18,-4,0,3,3,3,291
4.09,24,0,0,6,-21,0,99,351,-8,18,0,3,3,3,291
4.09,24,0,0,12,27,-8,30,100,-4,-8,0,3,3,3,292
4.09,24,0,0,10,-12,7,96,110,-6,10,0,3,3,3,292
4.09,24,0,0,12,-19,20,77,187,9,-1,2,3,3,3,292
4.09,24,0,0,6,-27,-12,52,64,8,7,0,3,3,3,292
4.09,24,0,0,12,-8,1,3,11,15,-10,2,3,3,3,292
4.09,24,0,0,4,33,-13,-14,65,3,-2,0,3,3,3,292
4.09,24,0,-1,11,-6,7,64,264,-1,-4,0,3,3,3,292
4.09,23,0,0,6,42,21,18,311,-7,-1,3,3,3,3,292
4.09,23,0,0,11,-13,15,58,66,11,-6,3,3,3,3,292
4.09,23,0,-1,5,3,26,21,194,2,5,2,3,3,3,292
4.09,23,0,-1,10,3,11,72,314,9,-26,2,3,3,3,292
4.09,23,-1,0,7,31,-27,9,255,16,-8,3,3,3,3,292
4.08,23,0,-1,12,-15,-3,84,141,0,0,0,3,3,3,293
4.09,23,1,0,10,-25,19,24,233,-2,9,3,3,3,3,293
4.09,23,0,-1,11,-11,15,152,255,0,1,0,3,3,3,293
4.09,23,0,0,12,8,5,154,333,-3,-23,3,3,3,3,293
4.09,23,0,0,8,15,-12,6,341,2,0,3,3,3,3,293
4.09,23,0,0,10,15,5,-19,131,7,-17,3,3,3,3,293
4.09,23,0,-1,12,7,26,0,220,5,2,3,3,3,3,293
4.08,22,0,-1,12,-11,12,79,338,-1,-22,0,3,3,3,293
4.09,22,0,0,8,30,-2,58,293,4,-14,3,3,3,3,293
4.09,22,0,0,10,10,-30,107,217,-12,-5,3,3,3,3,293
4.08,22,1,1,12,-4,-2,132,226,-22,2,0,3,3,3,293
4.09,22,0,0,5,-26,4,87,222,-9,17,0,3,3,3,293
4.09,22,0,1,11,-17,-10,-48,111,-4,4,1,3,3,3,294
4.09,22,1,0,9,-27,22,10,121,-6,4,3,3,3,3,294
4.09,22,0,0,9,-4,16,3,71,4,2,2,3,3,3,294
4.09,22,0,0,5,-13,22,14,302,5,5,3,3,3,3,294
4.09,22,0,-1,10,11,14,45,15,0,-14,1,3,3,3,294
4.09,22,0,0,6,-28,15,155,145,0,9,3,3,3,3,294
4.09,22,0,-1,12,-11,5,76,151,2,4,1,3,3,3,294
4.09,21,1,0,11,-1,3,82,252,-16,-11,1,3,3,3,294
4.09,21,0,0,7,-6,-35,43,24,15,0,0,3,3,3,294
4.09,21,1,1,10,14,-11,7,126,-1,1,3,3,3,3,294
4.08,21,0,0,4,-3,-38,20,224,4,-7,1,3,3,3,294
4.08,21,0,0,11,17,-23,132,204,-24,-2,3,3,3,3,294
4.09,21,0,0,10,-6,9,49,30,7,-9,3,3,3,3,295
4.09,21,0,1,10,-26,6,127,309,3,2,2,3,3,3,295
4.08,21,0,0,9,7,-22,89,343,-3,-13,0,3,3,3,295
4.09,21,0,0,13,5,-5,33,134,17,16,0,3,3,3,295
4.08,21,0,0,8,23,-13,40,205,16,-17,2,3,3,3,295
4.09,21,0,0,12,34,-6,18,221,8,-13,0,3,3,3,295
4.09,21,0,0,12,7,-17,31,255,6,11,3,3,3,3,295
4.09,21,0,1,14,-2,-33,151,340,-10,-7,0,3,3,3,295
4.09,21,0,0,11,-5,-14,55,82,3,20,1,3,3,3,295
4.09,21,0,-1,11,27,32,18,284,-5,-17,3,3,3,3,295
4.09,21,0,1,12,5,-22,84,175,-7,-2,2,3,3,3,295
4.08,21,1,1,10,-17,-1,117,123,-14,0,3,3,3,3,295
4.08,21,0,0,8,-13,27,132,81,-1,-1,2,3,3,3,296
4.08,20,0,0,10,-14,3,67,137,4,0,3,3,3,3,296
4.08,20,1,0,11,-11,4,65,255,-8,7,3,3,3,3,296
4.08,20,1,0,10,-7,36,53,209,-2,18,3,3,3,3,296
4.08,20,0,0,6,-29,2,139,256,14,-5,0,3,3,3,296
4.08,20,0,1,11,7,5,55,106,0,31,0,3,3,3,296
4.09,20,1,-1,11,11,19,54,297,-7,-23,2,3,3,3,296
4.08,20,0,0,6,-23,13,129,12,-12,9,0,3,3,3,296
4.08,20,0,-1,8,7,10,26,27,5,-10,3,3,3,3,296
4.08,20,0,0,4,-21,-19,45,266,7,5,1,3,3,3,296
4.08,19,0,1,9,11,-8,45,65,-4,7,3,3,3,3,296
4.08,19,0,0,5,-27,22,101,22,0,-5,1,3,3,3,296
4.08,19,0,-1,11,20,11,24,46,15,-15,2,3,3,3,297
4.08,19,0,-1,9,-7,38,31,168,-9,-1,0,3,3,3,297
4.08,19,0,-1,10,23,-1,34,270,20,-20,3,3,3,3,297
4.08,19,0,0,10,2,-25,92,244,6,-15,1,3,3,3,297
4.08,19,0,0,10,-17,-6,69,300,-1,11,2,3,3,3,297
4.08,19,1,0,11,-27,24,129,285,2,2,1,3,3,3,297
4.08,19,0,1,8,-8,0,76,120,-7,6,1,3,3,3,297
4.08,19,0,0,8,-17,20,88,127,6,-10,0,3,3,3,297
4.08,19,0,0,10,14,-8,19,122,22,-9,1,3,3,3,297
4.08,19,0,0,8,26,-24,66,126,0,-16,2,3,3,3,297
4.08,19,1,0,12,-4,1,80,112,-15,0,1,3,3,3,297
4.08,18,0,0,7,-43,9,114,189,5,14,1,3,3,3,297
4.08,18,0,0,13,8,29,-1,122,8,1,1,3,3,3,298
4.08,18,0,0,9,20,-15,50,165,5,-23,3,3,3,3,298
4.08,18,0,0,8,29,-17,25,187,-1,-7,3,3,3,3,298
4.08,18,1,0,11,-18,10,57,159,-14,-2,2,3,3,3,298
4.08,18,0,0,7,35,2,45,36,-2,-7,0,3,3,3,298
4.08,18,1,1,13,-3,-10,102,351,-17,-11,0,3,3,3,298
4.08,18,0,0,3,-16,3,43,50,6,6,0,3,3,3,298
4.08,18,0,0,10,7,-1,50,241,2,12,2,3,3,3,298
4.08,18,0,0,7,2,-34,91,6,2,-11,3,3,3,3,298
4.08,18,0,-1,13,5,-6,95,25,-21,-4,2,3,3,3,298
4.08,17,0,0,9,-12,24,96,40,-15,12,2,3,3,3,298
4.08,17,0,1,10,5,-32,86,195,-1,-12,0,3,3,3,298
4.08,17,0,0,12,-7,6,102,212,-12,17,2,3,3,3,299
4.08,17,0,0,13,29,-21,76,59,-3,-3,2,3,3,3,299
4.08,17,1,0,13,0,10,89,347,-14,-3,0,3,3,3,299
4.08,17,0,0,4,-10,-12,77,146,16,-8,1,3,3,3,299
4.08,17,0,0,11,0,-5,108,231,-17,1,3,3,3,3,299
4.08,17,-1,0,7,51,0,-5,50,4,-17,3,3,3,3,299
4.08,17,1,0,10,0,-17,88,12,-16,-10,3,3,3,3,299
4.08,17,0,0,12,-8,9,44,51,-13,9,3,3,3,3,299
4.08,16,0,0,7,-34,16,117,66,2,5,2,3,3,3,299
4.08,16,0,-1,12,-19,15,99,61,10,-6,0,3,3,3,299
4.08,17,0,0,9,5,-31,55,318,17,-5,2,3,3,3,299
4.08,16,0,0,7,21,-13,66,19,-14,-9,3,3,3,3,299
4.08,16,0,0,12,1,-9,83,2,-6,2,3,3,3,3,300
4.08,16,0,0,9,-24,-4,76,48,8,7,2,3,3,3,300
4.08,16,0,0,8,23,15,4,229,-2,13,2,3,3,3,300
4.08,16,1,0,13,4,-2,66,77,-18,-16,3,3,3,3,300
4.08,16,0,0,11,-16,-19,58,234,16,10,3,3,3,3,300
4.08,16,0,0,6,-32,2,42,156,8,5,2,3,3,3,300
4.08,16,0,0,13,-18,8,23,133,8,-13,2,3,3,3,300
4.08,15,0,0,11,1,-13,6,45,23,-4,2,3,3,3,300
4.08,15,0,0,7,-36,-4,67,343,6,2,1,3,3,3,300
4.08,15,0,0,10,-23,-2,94,300,4,-4,2,3,3,3,300
4.08,15,0,1,13,16,-1,27,76,-8,10,3,3,3,3,300
4.08,15,1,-1,10,6,15,11,353,-12,7,3,3,3,3,300
4.08,15,0,0,9,23,-19,28,212,-4,-8,1,3,3,3,301
4.08,15,0,0,9,18,8,60,213,-6,21,0,3,3,3,301
4.08,15,0,0,11,-10,-20,41,266,13,3,1,3,3,3,301
4.08,15,0,0,7,-6,-23,13,260,2,-5,0,3,3,3,301
4.08,15,0,0,12,-11,-11,-83,41,7,11,2,3,3,3,301
4.08,15,0,1,10,-26,-4,-39,44,3,12,0,3,3,3,301
4.08,15,0,0,8,-17,11,-48,247,9,12,0,3,3,3,301
4.08,15,0,-1,11,-12,-1,-72,205,14,6,0,3,3,3,301
4.08,15,0,1,10,-21,-11,-60,146,3,4,0,3,3,3,301
4.08,14,0,0,8,-18,-4,-20,77,6,4,0,3,3,3,301
4.08,14,0,0,10,-8,-12,-50,276,5,4,1,3,3,3,301
4.08,14,0,0,9,-6,-5,-52,202,4,1,0,3,3,2,301
4.08,14,0,0,10,-16,-8,-67,87,4,4,1,3,3,2,302
4.08,14,0,0,10,-13,-2,-56,305,3,3,3,3,3,2,302
4.08,14,0,0,10,-10,-8,-40,202,4,3,0,3,3,2,302
4.08,14,0,0,10,-14,-5,-43,128,5,4,0,3,3,2,302
4.08,14,0,0,10,-11,-7,-34,323,4,4,1,3,3,2,302
4.08,14,0,0,9,-13,-6,-43,218,4,2,0,3,3,2,302
4.08,14,0,0,10,-10,-8,-51,146,4,3,3,3,3,2,302
4.08,14,0,0,10,-13,0,-39,7,3,3,1,3,3,2,302
4.08,13,0,0,10,-12,-8,-59,232,5,2,0,3,3,2,302
4.07,13,0,0,9,-12,0,-36,143,3,3,2,3,3,2,302
4.08,13,0,0,10,-12,-5,-50,19,3,2,1,3,3,2,302
4.07,13,0,0,9,-13,-4,-39,217,4,4,0,3,3,2,302
4.07,13,0,0,10,-15,-6,-47,162,4,4,3,3,3,2,303
4.08,13,0,0,9,-15,-2,-32,36,3,3,1,3,3,2,303
4.07,13,0,0,10,-17,-10,-38,252,5,3,2,3,3,2,303
4.07,13,0,0,9,-9,-3,-46,174,4,3,0,3,3,2,303
4.07,12,0,0,9,-12,-3,-48,55,4,3,1,3,3,2,303
4.07,12,0,0,9,-14,-3,-49,274,3,2,2,3,3,2,303
4.07,12,0,0,9,-9,0,-46,168,2,3,0,3,3,2,303
4.07,12,0,0,9,-11,-2,-47,74,3,3,0,3,3,2,303
4.07,12,0,0,9,-11,-6,-52,265,3,2,2,3,3,2,303
4.07,12,0,0,9,-15,-5,-63,180,3,3,0,3,3,2,303
4.07,11,0,0,9,-10,-4,-41,104,4,2,1,3,3,2,303
4.07,11,0,0,10,-15,-3,-54,273,3,3,0,3,3,1,304
4.07,11,0,0,9,-9,-6,-46,171,5,2,0,3,3,1,304
4.07,11,0,0,10,-11,-8,-55,36,5,3,0,3,3,1,304
4.07,11,0,0,9,-6,-7,-37,284,4,1,0,3,3,1,304
4.07,11,0,0,9,-8,-4,-49,118,3,3,0,3,3,1,304
4.07,10,0,0,9,-10,-6,-72,16,4,2,0,3,3,1,304
4.07,10,0,0,9,-10,2,-38,228,2,4,0,3,3,1,304
4.07,10,0,0,10,-13,0,-42,77,1,4,0,3,3,1,304
4.07,10,0,0,9,-13,1,-57,309,2,3,0,3,3,1,304
4.07,10,0,0,10,-7,-9,-51,216,5,1,0,3,3,2,304
4.07,10,0,0,9,-8,0,-56,159,2,2,1,3,3,2,304
4.07,9,0,0,10,-12,-8,-47,59,4,4,2,3,3,2,304
4.07,9,0,0,10,-12,-4,-40,253,5,4,0,3,3,2,305
4.07,9,0,0,9,-9,-5,-42,143,4,3,3,3,3,2,305
4.07,9,0,0,10,-15,-2,-36,48,3,4,1,3,3,2,305
4.07,9,0,0,10,-9,-11,-44,249,6,2,0,3,3,2,305
4.07,9,0,0,9,-6,0,-27,99,4,2,0,3,3,2,305
4.07,9,0,0,10,-15,0,-49,272,2,4,2,3,3,2,305
4.07,8,0,0,9,-8,-9,-40,164,5,1,0,3,3,2,305
4.07,8,0,0,10,-14,-7,-53,103,3,2,1,3,3,2,305
4.07,8,0,0,9,-3,-1,-62,266,3,1,0,3,3,2,305
4.07,8,0,0,10,-16,-4,-22,156,3,3,1,3,3,2,305
4.07,8,0,0,10,-5,0,-76,28,3,2,0,3,3,2,305
4.07,8,0,0,10,-13,7,-71,246,0,4,1,3,3,2,305
4.07,7,0,0,9,3,-11,-18,232,5,-1,1,3,3,2,306
4.07,7,0,0,9,3,-1,56,114,3,0,1,3,3,2,306
4.07,7,0,0,9,2,0,41,230,0,-1,0,3,3,2,306
4.07,7,0,0,10,7,-13,-19,233,5,-2,2,3,3,2,306
4.07,7,0,0,9,12,4,-54,322,0,-3,0,3,3,2,306
4.07,7,0,0,9,6,-7,71,123,2,-5,0,3,3,2,306
4.07,6,0,0,10,10,7,85,112,-2,-8,1,3,3,2,306
4.07,6,0,0,9,2,2,45,92,1,0,2,3,3,2,306
4.07,6,0,0,9,6,8,34,337,0,0,2,3,3,2,306
4.07,6,0,0,10,9,0,-18,243,1,-2,0,3,3,2,306
4.07,6,0,0,9,0,4,-25,313,0,0,1,3,3,2,306
4.07,6,0,0,9,2,-10,-9,44,5,0,2,3,3,2,306
4.07,6,0,0,10,12,-3,64,210,3,-3,3,3,3,2,307
4.07,6,0,0,9,3,0,31,31,3,-1,2,3,3,2,307
4.07,5,0,0,9,0,10,49,212,-1,0,2,3,3,2,307
4.07,5,0,0,9,6,-3,-43,145,4,-3,3,3,3,2,307
4.07,5,0,0,9,-3,5,-20,242,1,0,0,3,3,2,307
4.07,5,0,0,9,-7,-1,-43,93,0,2,2,3,3,2,307
4.07,5,0,0,9,0,-5,-34,228,4,1,2,3,3,2,307
4.07,5,0,0,10,16,-5,3,308,4,-3,2,3,3,2,307
4.07,5,0,0,10,4,12,77,34,-2,-2,2,3,3,2,307
4.07,5,0,0,9,0,-3,29,66,4,1,2,3,3,2,307
4.07,4,0,0,10,-13,-1,14,318,1,2,3,3,3,2,307
4.07,4,0,0,9,-3,-8,-25,48,3,1,3,3,3,2,307
4.07,4,0,0,9,2,-2,27,95,1,-1,2,3,3,2,308
4.07,4,0,0,9,6,1,10,28,2,-1,0,3,3,2,308
4.07,4,0,0,10,0,-3,7,302,4,0,3,3,3,2,308
4.07,4,0,0,9,-5,-1,-17,349,4,1,3,3,3,2,308
4.07,4,0,0,10,-3,1,-47,176,1,0,1,3,3,2,308
4.07,4,0,0,9,1,-8,-37,22,6,-1,2,3,3,2,308
4.07,4,0,0,9,6,-5,8,87,5,-1,3,3,3,2,308
4.07,4,0,0,9,-5,-1,28,342,2,2,3,3,3,2,308
4.07,4,0,0,9,-2,-3,-3,314,4,0,1,3,3,2,308
4.07,4,0,0,9,-4,0,-21,55,1,0,3,3,3,2,308
4.07,4,0,0,9,2,-5,-23,172,3,0,3,3,3,2,308
4.07,4,0,0,9,1,0,10,178,1,1,3,3,3,2,308
4.07,4,0,0,9,3,1,10,104,0,-1,3,3,3,2,309
4.07,4,0,0,9,2,0,-19,112,1,-1,3,3,3,2,309
4.07,4,0,0,9,-1,3,-23,207,0,0,3,3,3,2,309
4.07,3,0,0,9,0,1,-5,288,1,0,3,3,3,2,309
4.07,4,0,0,9,-1,-1,-18,341,4,1,3,3,3,2,309
4.07,4,0,0,10,0,2,0,83,2,0,3,3,3,2,309
4.07,3,0,0,9,2,-2,4,14,3,0,3,3,3,2,309
4.07,3,0,0,9,3,-3,-14,39,4,-1,0,3,3,1,309
4.07,3,0,0,9,0,0,-34,185,2,-1,2,3,3,1,309
4.07,3,0,0,9,0,4,22,215,0,0,2,3,3,1,309
4.07,3,0,0,9,2,0,2,110,3,0,2,3,3,1,309
4.07,3,0,0,9,-3,1,-46,217,3,0,2,3,3,1,309
4.07,3,0,0,9,-1,2,-17,55,1,2,1,3,3,1,310
4.07,3,0,0,9,-4,1,-1,90,2,1,1,3,3,1,310
4.07,3,0,0,9,0,0,-9,114,3,0,2,3,3,1,310
4.07,3,0,0,9,-7,0,-21,213,1,1,0,3,3,1,310
4.07,3,0,0,9,0,-1,-30,357,1,1,0,3,3,1,310
4.07,3,0,0,9,-3,4,-7,66,2,2,0,3,3,1,310
4.07,3,0,0,10,-4,-1,5,144,3,0,0,3,3,2,310
4.07,3,0,0,9,0,0,5,165,3,-1,1,3,3,2,310
4.07,3,0,0,9,4,0,-5,144,3,-1,0,3,3,2,310
4.07,3,0,0,9,2,-1,-11,210,4,-1,2,3,3,2,310
4.07,3,0,0,9,0,9,-4,290,0,0,3,3,3,2,310
4.07,3,0,0,10,-3,0,15,169,1,2,2,3,3,2,310
4.07,3,0,0,9,-9,6,-33,210,0,3,2,3,3,2,311
4.07,3,0,0,10,7,-5,-19,32,3,-1,3,3,3,2,311
4.07,3,0,0,10,6,6,-2,79,0,-1,2,3,3,2,311
4.07,3,0,0,9,2,0,-19,92,0,-1,2,3,3,2,311
4.07,3,0,0,9,-1,-6,-33,209,4,2,2,3,3,2,311
4.07,3,0,0,9,-3,5,47,167,-1,1,1,3,3,2,311
4.07,4,0,0,9,3,5,-32,102,0,-1,1,3,3,2,311
4.07,3,0,0,9,-4,-10,-29,284,5,1,0,3,3,2,311
4.07,3,0,0,9,3,1,-22,42,0,0,0,3,3,2,311
4.07,3,0,0,9,-4,4,-9,91,1,3,2,3,3,2,311
4.07,3,0,0,9,-7,0,18,90,3,3,2,3,3,2,311
4.07,3,0,0,9,1,5,23,18,0,0,3,3,3,2,311
4.07,4,0,0,10,7,0,-8,293,2,-2,3,3,3,2,312
4.07,3,0,0,10,5,0,26,226,1,-1,2,3,3,2,312
4.07,3,0,0,9,-9,-5,3,163,4,3,3,3,3,2,312
4.07,3,0,0,9,-2,6,-60,21,0,1,2,3,3,2,312
4.07,3,0,0,9,-1,0,-76,4,1,2,3,3,3,2,312
4.07,3,0,0,10,-11,-2,-95,64,6,4,2,3,3,2,312
4.07,3,0,0,10,-8,-1,-57,116,2,0,0,3,3,2,312
4.07,3,0,0,9,-9,-1,-55,11,4,2,2,3,3,2,312
4.07,3,0,0,9,0,-5,-57,324,5,0,3,3,3,2,312
4.07,4,0,0,10,-9,-2,-45,211,3,2,2,3,3,2,312
4.07,4,0,0,9,2,-8,-30,0,5,-1,2,3,3,2,312
4.07,4,0,0,10,9,1,-20,133,2,-3,3,3,3,2,312
4.07,4,0,0,9,9,-4,-1,72,4,-1,2,3,3,2,313
4.07,4,0,0,9,0,-4,44,328,1,0,1,3,3,2,313
4.07,3,0,0,9,2,1,9,194,2,-1,0,3,3,2,313
4.07,4,0,0,9,1,-1,-14,229,4,-2,2,3,3,2,313
4.07,4,0,0,9,0,2,-21,304,1,0,3,3,3,2,313
4.07,4,0,0,10,-8,0,-26,75,2,3,2,3,3,2,313
4.07,4,0,0,9,0,0,1,167,1,1,2,3,3,2,313
4.07,4,0,0,10,-3,6,24,128,0,2,2,3,3,2,313
4.07,4,0,0,9,5,1,10,357,1,0,1,3,3,2,313
4.07,4,0,0,9,1,-5,5,295,4,1,0,3,3,2,313
4.07,4,0,0,9,0,-5,-9,316,4,1,3,3,3,2,313
4.07,4,0,0,9,6,0,-22,30,3,-1,2,3,3,2,313
4.07,4,0,0,9,0,-5,8,352,3,2,2,3,3,2,314
4.07,4,0,0,9,1,2,33,283,0,0,2,3,3,2,314
4.07,4,0,0,10,7,5,9,194,0,-2,2,3,3,2,314
4.07,4,0,0,9,-3,-8,24,71,4,2,3,3,3,2,314
4.07,4,0,0,10,1,-6,-22,113,4,0,3,3,3,2,314
4.07,4,0,0,9,-8,9,-43,225,0,1,0,3,3,2,314
4.07,4,0,0,10,6,-9,-45,80,5,0,1,3,3,2,314
4.07,4,0,0,9,-10,-2,39,45,1,3,1,3,3,2,314
4.07,4,0,0,9,-4,3,-5,31,0,0,0,3,3,2,314
4.07,4,0,0,9,4,19,63,7,-4,0,0,3,3,2,314
4.07,4,0,0,10,17,2,86,348,0,-10,3,3,3,2,314
4.07,4,0,0,10,25,3,43,9,0,-6,0,3,3,3,314
4.07,4,0,0,10,18,16,49,30,-2,-5,1,3,3,3,315
4.07,4,0,0,10,18,25,26,58,-4,-4,0,3,3,3,315
4.07,4,0,0,9,-2,2,91,121,5,-1,0,3,3,3,315
4.07,4,0,0,10,8,-14,81,134,7,-3,0,3,3,3,315
4.07,4,0,0,11,1,29,27,314,-6,-1,2,3,3,3,315
4.07,4,0,0,11,-2,-22,33,44,7,0,2,3,3,3,315
4.07,4,0,0,10,13,10,-68,156,-3,-3,1,3,3,3,315
4.07,4,0,0,10,7,23,-100,140,-7,0,1,3,3,3,315
4.07,4,0,0,9,1,-13,-82,326,2,-4,2,3,3,3,315
4.07,4,0,0,10,-19,-2,-49,177,3,5,0,3,3,3,315
4.07,4,0,0,10,-7,-19,-101,264,15,-7,0,3,3,3,315
4.07,4,0,0,9,-4,-6,-42,211,5,0,1,3,3,3,315
4.07,4,0,0,9,-3,1,-38,53,2,2,2,3,3,3,316
4.07,4,0,0,9,-4,-3,1,141,4,1,2,3,3,2,316
4.07,4,0,0,10,-9,-1,15,140,3,3,2,3,3,2,316
4.07,4,0,0,9,-8,-7,-3,163,5,3,2,3,3,2,316
4.07,4,0,0,9,2,0,-50,287,2,0,3,3,3,2,316
4.07,4,0,0,9,-6,-2,-12,139,3,2,3,3,3,2,316
4.07,4,0,0,10,-1,-7,-13,206,4,1,2,3,3,2,316
4.07,4,0,0,10,9,-4,-27,296,4,-1,2,3,3,2,316
4.07,4,0,0,10,-16,2,41,159,0,4,1,3,3,2,316
4.07,4,0,0,9,-8,-13,-49,261,5,2,1,3,3,2,316
4.07,4,0,0,10,-3,8,-47,140,-1,0,0,3,3,2,316
4.07,4,0,0,9,-1,-5,-32,294,5,0,2,3,3,2,316
4.07,4,0,0,10,1,5,-37,131,0,-1,2,3,3,2,317
4.07,4,0,0,9,-1,-7,-14,250,5,0,3,3,3,2,317
4.07,4,0,0,9,0,1,-13,313,0,1,0,3,3,2,317
4.07,4,0,0,9,-2,4,-6,12,0,2,3,3,3,2,317
4.07,4,0,0,10,-4,3,3,37,2,2,3,3,3,2,317
4.07,4,0,0,9,-12,1,0,84,3,3,2,3,3,2,317
4.07,4,0,0,9,0,0,-37,177,1,0,1,3,3,2,317
4.07,4,0,0,10,-4,4,15,216,0,3,3,3,3,2,317
4.07,4,0,0,9,-1,3,1,179,0,0,1,3,3,2,317
4.07,4,0,0,9,-4,4,-28,242,0,3,2,3,3,2,317
4.07,4,0,0,10,-4,-5,9,341,5,1,3,3,3,2,317
4.07,4,0,0,9,-1,8,38,243,0,1,3,3,3,2,318
4.07,4,0,0,9,9,-4,24,51,3,-3,1,3,3,2,318
4.07,4,0,0,10,4,-5,-13,10,3,-2,3,3,3,2,318
4.07,4,0,0,9,-1,5,-40,133,0,1,2,3,3,2,318
4.07,4,0,0,10,-4,-3,-9,304,2,2,2,3,3,2,318
4.07,4,0,0,10,7,-9,-21,10,6,-1,2,3,3,2,318
4.07,4,0,0,9,6,-3,1,26,2,-1,1,3,3,2,318
4.07,4,0,0,9,2,0,-22,55,1,0,2,3,3,2,318
4.07,4,0,0,10,-1,4,-32,153,0,2,3,3,3,2,318
4.07,4,0,0,9,2,-5,-20,309,4,-1,0,3,3,2,318
4.07,4,0,0,10,4,1,-4,21,0,-1,0,3,3,2,318
4.07,4,0,0,9,-4,-4,-13,28,2,2,2,3,3,2,318
4.07,4,0,0,9,0,-5,-27,164,5,0,3,3,3,2,319
4.07,4,0,0,9,-2,4,-47,292,2,0,1,3,3,2,319
4.07,4,0,0,9,0,-9,-55,222,6,0,3,3,3,2,319
4.07,4,0,0,9,-9,5,-40,83,-1,2,3,3,3,2,319
4.07,4,0,0,10,2,-8,-32,240,5,0,3,3,3,2,319
4.07,4,0,0,10,-11,12,-41,61,-2,2,0,3,3,2,319
4.07,4,0,0,10,8,-17,-35,258,7,-2,1,3,3,2,319
4.07,4,0,0,9,9,3,-29,330,2,-2,2,3,3,2,319
4.07,4,0,0,9,11,4,-7,319,1,-3,0,3,3,2,319
4.07,4,0,0,10,9,8,-26,331,0,-3,2,3,3,2,319
4.07,4,0,0,9,-6,7,-15,58,1,2,0,3,3,2,319
4.07,4,0,0,9,8,0,-58,232,0,-2,1,3,3,2,319
4.07,4,0,0,9,-5,2,-1,14,2,3,0,3,3,2,320
4.07,4,0,0,9,3,-4,-22,137,3,-2,1,3,3,2,320
4.07,4,0,0,10,6,5,-14,204,0,-2,1,3,3,2,320
4.07,4,0,0,9,-1,8,-5,193,0,0,2,3,3,2,320
4.07,4,0,0,9,3,0,-8,249,1,-1,2,3,3,2,320
4.07,4,0,0,9,1,4,6,207,0,0,3,3,3,2,320
4.07,4,0,0,9,2,1,-7,184,0,0,3,3,3,2,320
4.07,4,0,0,9,5,2,-8,211,1,-1,3,3,3,2,320
4.07,4,0,0,10,0,3,-20,234,1,1,0,3,3,2,320
4.07,4,0,0,10,-9,1,-15,314,1,3,2,3,3,2,320
4.07,4,0,0,9,8,-4,-30,114,3,-2,2,3,3,2,320
4.07,4,0,0,9,4,9,-15,187,0,-1,1,3,3,2,320
4.06,4,0,0,9,-7,8,-9,225,-1,2,2,3,3,2,321
4.07,4,0,0,10,-3,0,6,282,1,1,3,3,3,2,321
4.07,4,0,0,8,-5,2,4,250,0,2,1,3,3,2,321
4.07,4,0,0,9,-4,-6,-2,261,2,3,1,3,3,2,321
4.07,4,0,0,10,3,-4,-16,327,4,0,3,3,3,2,321
4.07,4,0,0,10,0,6,1,54,0,0,3,3,3,2,321
4.07,4,0,0,9,-4,2,-2,11,1,2,3,3,3,2,321
4.07,4,0,0,9,-2,0,-30,126,2,0,2,3,3,2,321
4.07,5,0,0,9,-10,0,-8,208,2,3,3,3,3,2,321
4.07,4,0,0,9,-2,-5,-16,283,4,1,1,3,3,2,321
4.06,4,0,0,9,5,-1,-28,39,2,-2,3,3,3,2,321
4.07,5,0,0,9,0,6,-35,160,0,0,2,3,3,2,321
4.07,4,0,0,9,-7,2,-3,271,0,2,3,3,3,2,322
4.07,5,0,0,10,-10,-4,2,280,3,4,0,3,3,2,322
4.07,4,0,0,10,1,-12,-42,53,6,0,2,3,3,2,322
4.06,4,0,0,9,1,-2,-21,203,3,-1,3,3,3,2,322
4.07,4,0,0,9,-2,4,-18,289,0,1,1,3,3,2,322
4.07,4,0,0,10,0,8,16,300,-1,0,2,3,3,2,322
4.07,4,0,0,9,-5,2,8,181,2,2,2,3,3,2,322
4.07,4,0,0,9,-11,-6,-6,231,5,4,2,3,3,2,322
4.06,4,0,0,9,0,-2,-33,22,1,0,2,3,3,2,322
4.07,4,0,0,10,0,1,-34,174,3,0,0,3,3,2,322
4.07,4,0,0,10,2,5,-12,320,0,-1,3,3,3,2,322
4.07,4,0,0,9,2,-1,-4,296,3,-1,2,3,3,2,322
4.07,4,0,0,9,3,0,-32,13,2,0,3,3,3,2,323
4.07,4,0,0,10,6,12,15,58,0,-1,0,3,3,2,323
4.07,4,0,0,9,0,12,71,120,-2,-2,0,3,3,2,323
4.07,4,0,0,10,22,3,70,68,3,-6,0,3,3,2,323
4.07,4,0,0,9,7,-7,65,98,5,-2,1,3,3,2,323
4.06,4,0,0,10,-1,22,50,246,-4,0,3,3,3,2,323
4.06,4,0,0,9,3,17,92,277,-5,-3,2,3,3,2,323
4.07,4,0,0,9,4,2,72,220,1,-3,3,3,3,2,323
4.07,4,0,0,10,0,3,51,336,0,0,2,3,3,2,323
4.07,4,0,0,9,2,4,-8,221,0,0,3,3,3,2,323
4.07,4,0,0,10,1,7,-23,262,1,0,2,3,3,2,323
4.06,4,0,0,9,-1,11,4,358,-1,0,0,3,3,2,323
4.07,4,0,0,9,6,10,-19,334,-1,-2,2,3,3,2,324
4.07,4,0,0,9,-4,11,-16,45,-1,0,3,3,3,2,324
4.07,4,0,0,10,-7,8,11,89,-1,2,3,3,3,2,324
4.07,4,0,0,10,11,12,-5,6,0,-3,2,3,3,2,324
4.06,4,0,0,9,-11,-1,38,172,1,4,2,3,3,2,324
4.07,4,0,0,9,0,4,14,109,0,0,2,3,3,2,324
4.07,4,0,0,9,3,4,-6,63,0,-1,2,3,3,2,324
4.07,4,0,0,9,-1,3,-31,113,2,0,1,3,3,2,324
4.07,4,0,0,10,-11,-5,-27,251,2,3,1,3,3,2,324
4.06,4,0,0,9,4,1,-49,98,2,-3,1,3,3,2,324
4.06,4,0,0,9,-9,3,-10,231,0,3,3,3,3,2,324
4.06,4,0,0,10,-8,-2,6,283,2,4,0,3,3,2,324
4.07,4,0,0,9,-10,-5,5,287,3,4,2,3,3,2,325
4.07,4,0,0,9,0,-1,2,323,1,1,2,3,3,2,325
4.06,4,0,0,9,-1,3,11,290,0,1,1,3,3,2,325
4.07,4,0,0,9,-1,5,-20,306,0,1,1,3,3,2,325
4.07,4,0,0,9,0,-1,-5,16,2,2,0,3,3,2,325
4.06,4,0,0,9,-1,-2,2,355,2,2,1,3,3,2,325
4.06,4,0,0,10,-3,-4,-5,13,3,2,2,3,3,2,325
4.06,4,0,0,9,1,-6,-21,84,5,0,3,3,3,2,325
4.06,4,0,0,10,-4,7,-25,216,0,0,3,3,3,2,325
4.07,4,0,0,9,-1,-3,-15,11,4,0,3,3,3,2,325
4.06,4,0,0,9,0,-3,-2,77,2,-1,3,3,3,2,325
4.06,4,0,0,9,0,7,-42,129,-1,1,3,3,3,2,325
4.06,4,0,0,9,0,-1,-27,328,2,0,0,3,3,2,326
4.06,4,0,0,9,-4,3,-36,110,0,3,0,3,3,2,326
4.06,4,0,0,9,5,-3,-23,264,4,-2,3,3,3,2,326
4.06,4,0,0,10,0,2,-16,339,1,-1,2,3,3,2,326
4.06,4,0,0,8,0,5,4,11,1,0,2,3,3,2,326
4.06,4,0,0,10,0,0,20,272,0,1,3,3,3,2,326
4.06,4,0,0,10,4,0,29,187,1,-2,0,3,3,2,326
4.06,4,0,0,9,-6,-3,4,60,3,2,3,3,3,2,326
4.06,4,0,0,9,-3,5,-23,143,1,0,3,3,3,2,326
4.06,4,0,0,9,-2,2,-30,274,0,1,3,3,3,2,326
4.06,4,0,0,9,-3,0,-29,52,2,2,3,3,3,2,326
4.06,4,0,0,10,0,0,-9,172,1,0,2,3,3,2,326
4.06,4,0,0,9,2,-6,-14,233,4,0,2,3,3,2,327
4.06,4,0,0,9,3,0,-15,254,3,-1,2,3,3,2,327
4.06,4,0,0,9,-3,2,-11,326,2,0,3,3,3,2,327
4.06,4,0,0,10,-3,-5,-20,59,2,0,2,3,3,2,327
4.06,4,0,0,10,4,0,-12,170,0,-1,3,3,3,2,327
4.06,4,0,0,10,0,-2,-18,184,2,2,2,3,3,2,327
4.06,4,0,0,9,-5,2,-39,292,2,2,2,3,3,2,327
4.06,4,0,0,9,-1,0,-50,212,2,2,2,3,3,2,327
4.06,4,0,0,9,4,0,-52,103,0,-2,1,3,3,2,327
4.06,4,0,0,9,-8,0,-5,247,3,3,3,3,3,2,327
4.06,4,0,0,10,0,-1,-32,24,3,-1,3,3,3,2,327
4.06,4,0,0,9,-2,-7,-31,197,4,1,1,3,3,2,327
4.06,4,0,0,8,0,-2,-11,249,2,1,3,3,3,2,328
4.06,4,0,0,9,0,0,-21,346,3,0,0,3,3,2,328
4.06,4,0,0,9,0,2,-23,84,0,0,1,3,3,2,328
4.06,4,0,0,10,-8,5,-28,181,0,3,1,3,3,2,328
4.06,4,0,0,8,2,-10,-32,355,6,0,0,3,3,2,328
4.06,4,0,0,9,-3,4,-56,182,-1,2,2,3,3,2,328
4.06,4,0,0,10,5,0,-45,124,1,-3,2,3,3,2,328
4.06,4,0,0,10,-6,-1,-36,322,0,2,3,3,3,2,328
4.06,4,0,0,9,0,7,-48,133,-1,0,3,3,3,2,328
4.06,4,0,0,9,-8,4,-31,326,2,2,3,3,3,2,328
4.06,4,0,0,9,-1,8,-50,148,0,0,3,3,3,2,328
4.06,4,0,0,9,3,-8,-44,22,4,-1,1,3,3,2,328
4.06,4,0,0,9,2,7,-40,169,0,-1,3,3,3,2,329
4.06,4,0,0,9,-9,-2,-20,314,2,3,2,3,3,2,329
4.06,4,0,0,9,3,1,-61,164,3,-1,3,3,3,2,329
4.06,4,0,0,9,-4,0,-21,43,0,0,3,3,3,2,329
4.06,4,0,0,9,2,-1,-22,119,2,1,2,3,3,2,329
4.06,4,0,0,9,-5,3,8,140,0,3,1,3,3,2,329
4.06,4,0,0,11,-18,-1,2,150,2,5,1,3,3,2,329
4.06,4,0,0,10,4,-15,-30,273,6,-1,2,3,3,2,329
4.06,4,0,0,9,5,5,-42,42,0,-2,0,3,3,2,329
4.06,4,0,0,9,-6,-5,-7,199,2,2,3,3,3,2,329
4.06,4,0,0,10,4,-5,-12,262,3,0,0,3,3,2,329
4.06,4,0,0,10,5,6,-34,337,-1,0,3,3,3,2,329
4.06,4,0,0,8,-7,-1,-18,101,3,3,2,3,3,2,330
4.06,4,0,0,9,-3,-7,15,153,4,2,3,3,3,2,330
4.06,4,0,0,9,-9,5,58,67,0,2,1,3,3,2,330
4.06,4,0,0,10,-6,-3,74,97,1,0,1,3,3,2,330
4.06,4,0,0,8,3,-11,53,143,3,-1,0,3,3,2,330
4.06,4,0,0,10,-6,10,34,301,0,4,0,3,3,2,330
4.06,4,0,0,10,11,-9,25,118,3,-4,0,3,3,2,330
4.06,4,0,0,10,19,-14,-8,46,5,-5,0,3,3,2,330
4.06,4,0,0,10,12,-11,-9,78,5,-3,1,3,3,2,330
4.06,4,0,0,9,13,0,-18,101,1,-3,2,3,3,3,330
4.06,4,0,0,10,-8,11,-36,162,-1,3,1,3,3,3,330
4.06,4,0,0,10,7,-4,-53,53,4,-3,3,3,3,2,331
4.06,4,0,0,9,-9,0,-22,209,3,3,1,3,3,2,331
4.06,4,0,0,10,1,0,-49,57,2,0,2,3,3,2,331
4.06,4,0,0,9,0,0,-14,201,3,1,3,3,3,2,331
4.06,4,0,0,9,0,-1,-4,231,3,1,2,3,3,2,331
4.06,4,0,0,10,-8,3,-10,259,1,3,2,3,3,2,331
4.06,4,0,0,9,-1,0,-25,30,4,1,0,3,3,2,331
4.06,4,0,0,9,-4,-4,-27,168,2,0,2,3,3,2,331
4.06,4,0,0,10,1,0,-35,319,2,1,3,3,3,2,331
4.06,4,0,0,9,-1,0,-31,138,2,0,3,3,3,2,331
4.06,4,0,0,9,0,-2,-6,237,1,0,0,3,3,2,331
4.06,4,0,0,9,-7,2,-33,278,0,3,3,3,3,2,331
4.06,4,0,0,9,4,0,-38,165,2,-2,2,3,3,2,332
4.06,4,0,0,9,0,6,-8,237,0,0,3,3,3,2,332
4.06,4,0,0,9,-4,5,-7,281,0,1,3,3,3,2,332
4.06,4,0,0,9,-4,6,2,313,0,1,3,3,3,2,332
4.06,4,0,0,9,-1,2,0,309,2,0,3,3,3,2,332
4.06,4,0,0,10,5,-1,-3,324,3,-2,3,3,3,2,332
4.06,4,0,0,9,1,6,-8,328,1,-1,2,3,3,2,332
4.06,4,0,0,9,-1,4,-10,351,0,0,3,3,3,2,332
4.06,4,0,0,10,1,2,0,43,0,0,2,3,3,2,332
4.06,4,0,0,9,1,1,-1,10,0,1,3,3,3,2,332
4.06,4,0,0,10,-1,4,1,33,1,0,3,3,3,2,332
4.06,4,0,0,10,-5,5,-21,72,0,3,2,3,3,2,332
4.06,4,0,0,9,-4,-1,-39,228,2,2,2,3,3,2,333
4.06,4,0,0,9,4,4,-38,78,1,-2,0,3,3,2,333
4.06,4,0,0,9,-12,4,-23,195,0,3,2,3,3,2,333
4.06,4,0,0,9,6,-5,-32,354,4,-1,0,3,3,2,333
4.06,4,0,0,9,3,0,-28,100,3,-1,2,3,3,2,333
4.06,4,0,0,9,0,6,-28,231,0,0,3,3,3,2,333
4.06,4,0,0,9,-4,4,5,284,0,2,2,3,3,2,333
4.06,4,0,0,10,3,3,10,237,0,-1,3,3,3,2,333
4.06,4,0,0,9,2,-4,9,138,4,0,0,3,3,2,333
4.06,4,0,0,9,-12,8,49,59,-1,5,1,3,3,2,333
4.06,4,0,0,10,7,6,-10,302,0,-2,0,3,3,2,333
4.06,4,0,0,10,9,7,-6,312,0,-3,3,3,3,2,333
4.06,4,0,0,9,0,3,0,194,0,1,3,3,3,2,334
4.06,4,0,0,9,-1,0,-12,248,4,1,2,3,3,2,334
4.06,4,0,0,9,3,3,-18,14,2,-2,0,3,3,2,334
4.06,4,0,0,9,-1,10,-16,46,-1,0,2,3,3,2,334
4.06,4,0,0,10,-5,0,1,131,1,1,3,3,3,2,334
4.06,4,0,0,10,-10,-1,-10,158,2,4,3,3,3,2,334
4.06,4,0,0,9,-2,-6,-16,266,5,1,0,3,3,2,334
4.06,4,0,0,9,-3,5,-47,71,0,1,2,3,3,2,334
4.06,4,0,0,9,0,0,-59,303,2,-1,1,3,3,2,334
4.06,4,0,0,9,-6,0,-27,164,1,2,3,3,3,2,334
4.06,4,0,0,10,5,1,-33,320,0,-2,2,3,3,2,334
4.06,4,0,0,9,-3,-3,-23,52,4,2,3,3,3,2,334
4.06,4,0,0,9,1,-3,0,145,4,0,3,3,3,2,335
4.06,4,0,0,9,3,-2,-1,158,3,-1,2,3,3,2,335
4.06,4,0,0,10,5,1,-21,170,1,-1,2,3,3,2,335
4.06,4,0,0,10,-3,8,-1,192,0,2,2,3,3,2,335
4.06,4,0,0,9,7,-2,-13,248,2,-1,2,3,3,2,335
4.06,4,0,0,9,3,-1,-4,229,2,1,2,3,3,2,335
4.06,4,0,0,10,2,1,0,216,0,0,2,3,3,2,335
4.06,4,0,0,9,1,-5,-7,238,2,1,0,3,3,2,335
4.06,4,0,0,9,0,-5,-12,249,4,1,3,3,3,2,335
4.06,4,0,0,9,0,0,-27,19,3,0,2,3,3,2,335
4.06,4,0,0,9,2,3,-43,173,1,0,1,3,3,2,335
4.06,4,0,0,10,-8,-12,-23,330,6,2,3,3,3,2,335
4.06,4,0,0,9,-5,4,-40,184,0,0,0,3,3,2,336
4.06,4,0,0,9,4,-3,-41,4,3,-1,2,3,3,2,336
4.05,4,0,0,9,0,8,-24,156,0,0,1,3,3,2,336
4.06,4,0,0,9,-6,1,-17,226,0,1,2,3,3,2,336
4.06,4,0,0,9,-4,-6,-41,15,4,3,1,3,3,2,336
4.06,4,0,0,9,4,2,-40,263,0,-2,3,3,3,2,336
4.06,4,0,0,10,-2,10,-5,318,-1,1,3,3,3,2,336
4.06,4,0,0,9,-6,9,-6,312,-1,3,3,3,3,2,336
4.06,4,0,0,9,-8,0,11,34,2,3,1,3,3,2,336
4.06,4,0,0,10,-5,-2,5,1,3,1,1,3,3,2,336
4.06,4,0,0,9,-3,-6,4,337,5,1,3,3,3,2,336
4.06,4,0,0,9,-1,1,-17,68,1,0,1,3,3,2,336
4.06,4,0,0,9,-5,2,-16,122,0,2,3,3,3,2,337
4.06,4,0,0,10,-3,-3,0,202,2,2,3,3,3,2,337
4.06,4,0,0,10,1,-7,-9,255,5,0,2,3,3,2,337
4.06,4,0,0,9,-5,-1,-24,301,2,3,3,3,3,2,337
4.06,4,0,0,9,-3,0,-27,137,2,0,1,3,3,2,337
4.05,4,0,0,9,-1,-7,-29,243,4,1,2,3,3,2,337
4.06,4,0,0,9,-1,4,-60,93,0,0,3,3,3,2,337
4.06,4,0,0,9,-1,0,-74,65,-1,1,2,3,3,2,337
4.06,4,0,0,9,-3,-2,-70,61,0,2,0,3,3,2,337
4.06,4,0,0,9,0,5,-69,46,-1,1,3,3,3,2,337
4.06,4,0,0,9,-8,0,-97,82,3,4,1,3,3,2,337
4.06,4,0,0,10,-3,-8,-72,173,4,-2,2,3,3,2,337
4.06,5,0,0,10,-14,1,-59,119,1,5,1,3,3,2,338
4.06,4,0,0,9,-4,-7,-69,56,4,0,3,3,3,2,338
4.06,5,0,0,9,-8,0,-42,329,4,2,3,3,3,2,338
4.05,5,0,0,10,-1,2,-69,207,2,2,3,3,3,2,338
4.06,4,0,0,9,-6,4,-85,205,-2,3,2,3,3,2,338
4.05,5,0,0,9,2,-6,-85,283,3,-1,2,3,3,2,338
4.06,5,0,0,9,-2,-4,-65,240,3,0,0,3,3,2,338
4.05,5,0,0,9,-3,2,-50,176,2,0,3,3,3,2,338
4.05,4,0,0,9,2,1,-57,69,0,1,3,3,3,2,338
4.06,5,0,0,10,-6,-8,-45,298,3,2,0,3,3,2,338
4.06,5,0,0,8,0,1,-37,128,3,1,1,3,3,2,338
4.05,5,0,0,9,2,-5,-45,331,1,-1,0,3,3,2,338
4.06,5,0,0,10,-5,2,-41,138,2,3,2,3,3,2,339
4.06,5,0,0,10,1,3,-65,54,-1,0,1,3,3,2,339
4.05,5,0,0,9,-2,6,-46,337,0,0,1,3,3,2,339
4.05,5,0,0,9,0,-8,-32,169,5,0,3,3,3,2,339
4.05,5,0,0,8,1,3,-46,341,1,0,3,3,3,2,339
4.05,5,0,0,10,0,-2,-42,184,2,0,3,3,3,2,339
4.05,5,0,0,10,-1,-2,-23,340,4,0,2,3,3,2,339
4.05,5,0,0,9,-1,-4,-19,78,4,1,3,3,3,2,339
4.05,5,0,0,9,-7,6,-23,176,0,1,1,3,3,2,339
4.05,5,0,0,9,-4,1,-28,328,0,1,3,3,3,2,339
4.05,5,0,0,9,1,-8,-30,107,5,0,3,3,3,2,339
4.06,5,0,0,10,3,4,-31,237,0,-1,2,3,3,2,339
4.06,5,0,0,10,-1,-1,-24,2,1,1,3,3,3,2,340
4.05,5,0,0,9,-1,6,-29,121,-1,1,2,3,3,2,340
4.05,5,0,0,9,3,0,-27,240,3,0,3,3,3,2,340
4.05,5,0,0,8,0,6,-19,325,1,0,3,3,3,2,340
4.05,5,0,0,10,-7,0,-3,45,2,2,3,3,3,2,340
4.05,5,0,0,10,-4,-13,-6,124,5,2,3,3,3,2,340
4.05,5,0,0,8,1,-5,-16,178,4,0,2,3,3,2,340
4.05,5,0,0,9,0,-1,-31,282,0,0,0,3,3,2,340
4.05,5,0,0,9,0,2,-26,40,1,2,3,3,3,2,340
4.05,5,0,0,10,0,-1,-24,176,1,0,2,3,3,2,340
4.05,5,0,0,10,4,8,-27,297,-1,-1,2,3,3,2,340
4.05,5,0,0,9,1,-4,-20,359,4,0,3,3,3,2,340
4.05,5,0,0,9,1,-2,1,53,4,0,3,3,3,2,341
4.05,5,0,0,10,1,1,-10,67,2,0,3,3,3,2,341
4.05,5,0,0,10,-3,8,-9,109,-1,1,1,3,3,2,341
4.05,5,0,0,9,6,4,-14,124,0,-1,3,3,3,2,341
4.05,5,0,0,8,-1,5,4,145,0,0,0,3,3,2,341
4.05,5,0,0,9,0,9,6,71,0,0,3,3,3,2,341
4.05,5,0,0,10,2,-1,-1,42,2,0,2,3,3,2,341
4.05,5,0,0,10,2,-1,-1,44,0,0,2,3,3,2,341
4.05,5,0,0,10,3,-3,-11,58,4,0,2,3,3,2,341
4.05,5,0,0,9,1,-2,-22,136,4,0,2,3,3,2,341
4.05,5,0,0,9,-5,5,-25,241,0,0,0,3,3,2,341
4.05,5,0,0,9,0,-5,-44,88,3,2,1,3,3,2,341
4.05,5,0,0,10,0,5,-25,293,0,-1,0,3,3,2,342
4.05,5,0,0,9,2,-4,-33,40,1,0,1,3,3,2,342
4.05,5,0,0,8,0,0,0,135,0,0,0,3,3,2,342
4.05,5,0,0,9,0,0,-20,144,1,2,2,3,3,2,342
4.05,5,0,0,9,0,3,-13,238,2,1,3,3,3,2,342
4.05,5,0,0,10,-1,1,-2,303,2,0,3,3,3,2,342
4.05,5,0,0,10,-5,-9,0,288,5,2,3,3,3,2,342
4.05,5,0,0,9,7,-1,-29,46,2,-2,0,3,3,2,342
4.05,5,0,0,9,-1,6,-28,121,0,0,3,3,3,2,342
4.05,5,0,0,9,-5,-2,-20,263,1,3,3,3,3,2,342
4.05,5,0,0,10,2,-3,-26,20,2,0,3,3,3,2,342
4.05,5,0,0,10,4,7,-26,128,0,-2,2,3,3,2,342
4.05,5,0,0,9,-1,0,-8,210,0,0,0,3,3,2,343
4.05,5,0,0,9,-1,2,-2,229,0,1,1,3,3,2,343
4.05,5,0,0,10,-3,6,0,239,0,2,3,3,3,2,343
4.05,5,0,0,9,-3,-3,1,249,1,2,3,3,3,2,343
4.05,5,0,0,9,0,-4,-11,290,4,0,2,3,3,2,343
4.05,5,0,0,9,-1,0,-17,9,1,0,3,3,3,2,343
4.05,5,0,0,9,0,-2,-16,97,1,1,2,3,3,2,343
4.05,6,0,0,9,0,-1,-10,163,2,2,3,3,3,2,343
4.05,5,0,0,9,0,5,-21,235,2,1,1,3,3,2,343
4.05,5,0,0,9,4,5,-26,8,0,-2,3,3,3,2,343
4.05,6,0,0,10,-5,8,-11,83,-1,1,1,3,3,2,343
4.05,6,0,0,9,0,1,-2,137,1,0,0,3,3,2,343
4.05,6,0,0,10,2,6,-1,141,-1,0,2,3,3,2,344
4.05,6,0,0,9,5,6,-5,113,0,-1,0,3,3,2,344
4.05,5,0,0,10,-3,13,-37,148,-2,1,2,3,3,2,344
4.05,5,0,0,10,3,-11,-10,340,4,-1,0,3,3,2,344
4.05,6,0,0,9,2,0,-52,77,1,1,0,3,3,2,344
4.05,6,0,0,10,0,2,-65,45,-1,2,0,3,3,2,344
4.05,6,0,0,9,6,5,-65,14,-2,0,0,3,3,2,344
4.05,6,0,0,9,7,0,-54,346,0,-3,3,3,3,2,344
4.05,6,0,0,10,-9,0,-28,175,2,3,3,3,3,2,344
4.05,6,0,0,10,11,-1,-39,347,2,-4,2,3,3,2,344
4.05,6,0,0,9,-9,14,-30,111,-2,3,2,3,3,2,344
4.05,6,0,0,10,6,-1,-55,352,1,-1,3,3,3,2,345
4.05,6,0,0,10,-9,-4,-33,198,4,3,3,3,3,2,345
4.05,6,0,0,9,0,-3,-59,81,1,1,2,3,3,2,345
4.05,6,0,0,9,-3,3,-48,344,0,1,3,3,3,2,345
4.05,6,0,0,9,2,-1,-48,207,4,0,1,3,3,2,345
4.05,6,0,0,9,-2,0,-53,107,0,2,3,3,3,2,345
4.05,6,0,0,10,0,0,-44,335,1,0,2,3,3,2,345
4.05,6,0,0,9,1,1,-22,170,1,-1,3,3,3,2,345
4.05,6,0,0,9,0,-7,-13,249,5,1,2,3,3,2,345
4.05,6,0,0,9,0,-2,-11,296,3,0,1,3,3,2,345
4.05,6,0,0,8,2,-1,-28,46,2,0,2,3,3,2,345
4.05,6,0,0,9,0,3,-18,121,2,0,0,3,3,2,345
4.05,6,0,0,9,1,3,-22,269,0,-1,3,3,3,2,346
4.05,6,0,0,9,-5,2,0,335,0,2,2,3,3,2,346
4.05,6,0,0,9,-5,0,4,343,0,2,2,3,3,2,346
4.05,6,0,0,9,-5,2,-11,55,0,2,3,3,3,2,346
4.05,6,0,0,9,-4,0,-13,100,0,2,3,3,3,2,346
4.05,6,0,0,10,-5,2,-10,180,0,2,1,3,3,2,346
4.05,6,0,0,9,1,-2,-8,243,1,2,0,3,3,2,346
4.05,6,0,0,9,1,0,4,223,0,1,1,3,3,2,346
4.05,6,0,0,9,-3,3,-12,232,0,3,0,3,3,2,346
4.05,6,0,0,9,-8,-7,-5,297,4,4,0,3,3,2,346
4.05,6,0,0,10,12,-6,-23,25,4,-3,2,3,3,2,346
4.05,6,0,0,9,5,6,-27,96,0,0,0,3,3,2,346
4.05,6,0,0,9,-1,-4,-3,207,4,0,0,3,3,2,347
4.05,6,0,0,9,7,4,-22,275,0,-2,1,3,3,2,347
4.05,6,0,0,9,-5,11,-32,356,-1,3,3,3,3,2,347
4.05,6,0,0,10,4,-7,-31,191,4,-1,3,3,3,2,347
4.05,6,0,0,9,4,5,-38,319,2,0,1,3,3,2,347
4.05,6,0,0,9,-4,5,-38,140,-1,2,1,3,3,2,347
4.05,6,0,0,9,-8,-5,0,249,4,3,1,3,3,2,347
4.05,6,0,0,10,3,-13,-13,305,6,0,1,3,3,2,347
4.05,6,0,0,9,9,-8,-14,357,5,-1,0,3,3,2,347
4.05,6,0,0,10,6,-4,0,350,4,0,2,3,3,2,347
4.05,6,0,0,10,-2,-6,6,330,3,2,0,3,3,2,347
4.05,6,0,0,9,-6,7,6,355,-1,3,3,3,3,2,347
4.05,6,0,0,9,-2,2,6,309,0,2,0,3,3,2,348
4.05,6,0,0,9,0,0,-6,337,0,0,0,3,3,2,348
4.05,6,0,0,10,0,1,-4,354,0,1,3,3,3,2,348
4.05,6,0,0,10,2,-5,-2,3,4,0,1,3,3,2,348
4.05,6,0,0,9,-5,0,1,43,2,2,1,3,3,2,348
4.05,6,0,0,9,1,-2,-23,95,2,0,2,3,3,2,348
4.05,6,0,0,10,-1,2,-13,171,0,2,1,3,3,2,348
4.05,6,0,0,9,3,-1,-2,241,3,-1,3,3,3,2,348
4.05,6,0,0,9,0,2,6,202,2,0,0,3,3,2,348
4.05,6,0,0,9,-2,0,11,161,2,3,1,3,3,2,348
4.05,6,0,0,10,-5,3,4,113,0,3,2,3,3,2,348
4.05,6,0,0,9,0,7,1,115,0,1,1,3,3,2,348
4.05,6,0,0,9,8,-2,4,72,3,0,2,3,3,2,349
4.05,6,0,0,9,-3,-1,17,12,1,3,3,3,3,2,349
4.05,6,0,0,9,-8,3,16,303,0,4,2,3,3,2,349
4.05,6,0,0,9,0,5,-2,309,0,1,1,3,3,2,349
4.05,6,0,0,9,2,1,15,239,0,1,2,3,3,2,349
4.05,6,0,0,9,-1,1,12,199,0,2,2,3,3,2,349
4.05,6,0,0,9,-4,6,11,174,-1,1,1,3,3,2,349
4.05,6,0,0,9,4,5,5,91,0,-1,1,3,3,2,349
4.05,6,0,0,9,1,-1,6,40,3,0,0,3,3,2,349
4.05,6,0,0,10,-1,-2,7,351,3,2,2,3,3,2,349
4.05,6,0,0,10,-4,1,3,348,1,3,1,3,3,2,349
4.05,6,0,0,9,0,-7,0,325,5,0,3,3,3,2,349
4.05,6,0,0,9,-1,-1,-11,50,4,0,0,3,3,2,350
4.05,6,0,0,9,1,-2,-37,155,2,0,3,3,3,2,350
4.05,6,0,0,9,-2,0,-34,306,3,1,1,3,3,2,350
4.05,6,0,0,10,-3,2,-49,128,1,2,3,3,3,2,350
4.05,6,0,0,10,7,-5,-49,21,3,-3,3,3,3,2,350
4.05,6,0,0,9,-3,-2,-29,199,3,2,1,3,3,2,350
4.05,6,0,0,10,-5,-10,-18,296,5,2,0,3,3,2,350
4.05,6,0,0,9,1,0,-24,75,1,1,2,3,3,2,350
4.05,6,0,0,9,0,-2,-21,141,4,1,0,3,3,2,350
4.05,6,0,0,10,5,0,-24,263,1,-1,1,3,3,2,350
4.05,6,0,0,10,-1,12,-26,359,-2,1,3,3,3,2,350
4.05,6,0,0,9,-11,2,-5,69,0,5,1,3,3,2,350
4.05,6,0,0,10,-5,-1,10,116,1,3,3,3,3,2,351
4.05,6,0,0,9,-6,0,-5,113,1,3,3,3,3,2,351
4.05,6,0,0,9,0,3,-15,160,2,1,0,3,3,2,351
4.05,6,0,0,9,-3,2,-12,263,0,0,3,3,3,2,351
4.05,6,0,0,9,-4,0,0,306,1,1,2,3,3,2,351
4.05,6,0,0,9,0,0,-3,327,0,0,0,3,3,2,351
4.05,6,0,0,9,1,2,-12,9,0,0,0,3,3,2,351
4.05,6,0,0,10,-4,1,-18,59,0,3,2,3,3,2,351
4.05,6,0,0,0,-26,1,-25,199,5,-12,2,3,3,3,351
4.05,6,0,0,7,-20,-102,-1,57,13,-5,3,3,3,3,351
4.05,6,0,0,8,68,-47,94,69,-2,16,2,3,3,3,351
4.05,6,0,-2,5,172,-171,91,95,-16,34,2,3,3,3,351
4.05,6,-2,0,8,72,-15,207,107,6,-28,3,3,3,3,352
4.05,6,-1,2,11,73,34,-159,217,7,17,0,3,3,3,352
4.05,6,-1,2,15,159,0,-5,70,-14,-28,2,3,3,3,352
4.05,6,-2,-1,17,-12,-25,-124,188,33,-36,0,3,3,3,352
4.05,6,-3,-2,17,-150,124,-244,126,15,3,0,3,3,3,352
4.05,6,-2,1,4,-69,91,-355,120,-25,12,0,3,3,3,352
4.05,6,-2,4,9,-168,-110,177,86,-31,5,0,3,3,3,352
4.05,6,-1,0,13,-68,-58,96,318,5,2,3,3,3,3,352
4.05,6,-2,-5,9,237,33,-214,204,20,34,1,3,3,3,352
4.05,6,-3,-3,14,181,-61,-111,233,5,4,0,3,3,3,352
4.05,6,-2,0,10,-121,-49,-334,198,-1,49,1,3,3,3,352
4.05,6,1,1,11,-49,88,-3,283,-31,7,3,3,3,3,352
4.05,6,-4,-8,27,7,-189,106,283,14,-11,3,3,3,3,353
4.05,6,-2,0,9,-105,104,-237,174,23,-11,2,3,3,3,353
4.05,6,0,0,6,167,-50,73,342,22,-37,3,3,3,3,353
4.05,6,-1,-4,15,-28,-82,235,133,-7,5,3,3,3,3,353
4.05,6,-3,0,11,-37,-44,-339,9,-34,4,3,3,3,3,353
4.05,6,-1,-3,6,216,-141,350,259,-6,-41,3,3,3,3,353
4.05,6,0,0,10,128,-28,35,22,-16,-25,3,3,3,3,353
4.05,6,0,0,6,122,-5,-153,177,-20,33,3,3,3,3,353
4.05,6,-1,-2,2,-114,-204,-47,132,44,6,2,3,3,3,353
4.05,6,-3,0,9,42,-81,-284,255,40,54,3,3,3,3,353
4.05,6,0,-3,12,32,-10,112,181,-15,11,3,3,3,3,353
4.05,6,-1,-2,12,11,-108,6,274,-18,-7,3,3,3,3,353
4.05,6,0,0,9,-53,-62,88,45,-35,-37,3,3,3,3,354
4.05,6,0,1,11,41,-68,28,84,36,-6,3,3,3,3,354
4.05,6,-2,-2,15,-217,79,152,176,15,13,3,3,3,3,354
4.05,6,0,1,13,-81,129,-55,204,-9,-16,3,3,3,3,354
4.05,6,0,-1,6,-70,-54,25,167,31,46,3,3,3,3,354
4.05,6,-3,-3,11,103,-31,279,150,14,20,3,3,3,3,354
4.05,6,0,0,7,-16,33,-20,54,32,-31,3,3,3,3,354
4.05,6,-2,3,22,-85,-97,145,179,16,26,2,3,3,3,354
4.05,5,0,-2,12,-94,-18,-8,249,-16,23,3,3,3,3,354
4.05,5,-1,-1,7,-59,67,166,335,-10,-18,3,3,3,3,354
4.05,5,0,0,9,-19,119,129,74,-22,-58,3,3,3,3,354
4.05,5,-2,-1,11,113,-48,235,183,26,-2,0,3,3,3,354
4.05,5,0,0,12,-86,-115,44,226,-23,45,3,3,3,3,355
4.05,5,0,0,9,-15,-67,59,230,33,36,3,3,3,3,355
4.05,5,-2,4,16,-239,50,260,41,-17,7,3,3,3,3,355
4.05,5,0,0,12,-19,-107,116,9,-6,29,2,3,3,3,355
4.05,5,-1,0,16,-2,-22,-9,211,-3,29,2,3,3,3,355
4.05,5,0,-1,9,6,30,53,144,-27,24,3,3,3,3,355
4.05,5,-1,0,12,-32,-28,-20,97,-22,-10,3,3,3,3,355
4.05,5,-6,0,12,-99,-35,377,307,-15,15,2,3,3,3,355
4.05,5,-6,-3,9,11,-75,326,350,19,5,1,3,3,3,355
4.05,5,-5,-1,9,-104,17,447,172,13,22,2,3,3,3,355
4.05,5,-1,0,13,-80,57,37,123,-16,3,2,3,3,3,355
4.05,4,0,-2,17,0,-163,16,263,0,46,2,3,3,3,355
4.05,4,0,0,15,-47,61,9,245,0,15,3,3,3,3,356
4.05,4,0,-2,9,57,41,147,102,-12,36,3,3,3,3,356
4.05,4,0,1,10,-105,-33,93,307,14,1,3,3,3,3,356
4.05,4,-3,-5,14,177,195,-137,326,-2,10,3,3,3,3,356
4.05,4,-8,-4,27,-158,265,296,15,10,19,3,3,3,3,356
4.05,4,-1,1,9,-83,68,-181,112,18,18,3,3,3,3,356
4.05,4,0,0,11,18,74,-143,187,13,41,3,3,3,3,356
4.05,4,0,0,12,30,50,-96,323,8,34,3,3,3,3,356
4.05,4,-4,-1,8,122,-103,-321,262,-8,-10,3,3,3,3,356
4.05,4,0,0,13,-6,-11,-130,354,7,-29,3,3,3,3,356
4.05,4,0,0,10,-3,-20,34,34,35,9,3,3,3,3,356
4.05,4,0,0,10,-10,33,5,356,-11,15,2,3,3,3,356
4.05,3,-3,0,12,-2,-26,-260,192,30,51,3,3,3,3,357
4.05,3,0,0,14,73,69,16,301,22,-43,3,3,3,3,357
4.05,3,0,0,9,-21,-28,-55,294,21,-49,3,3,3,3,357
4.05,3,-1,0,12,-31,17,-52,287,45,-24,3,3,3,3,357
4.05,3,0,0,13,-63,27,-116,320,9,24,2,3,3,3,357
4.05,3,0,0,7,-47,-23,-163,223,34,-5,2,3,3,3,357
4.05,3,-1,-3,14,-187,2,-141,306,-12,37,2,3,3,3,357
4.05,3,-1,-1,15,-114,13,-152,134,13,15,3,3,3,3,357
4.05,3,0,-1,5,71,-109,0,171,39,61,2,3,3,3,357
4.05,3,1,0,9,-17,-49,38,239,-10,-27,3,3,3,3,357
4.05,2,0,-1,10,18,-3,54,0,10,6,0,3,3,3,357
4.05,2,1,2,8,6,15,-9,7,8,-27,0,3,3,3,357
4.05,2,-1,0,12,-104,105,53,140,-17,23,3,3,3,3,358
4.05,2,0,0,9,-62,55,18,184,2,65,2,3,3,3,358
4.05,2,1,0,11,-16,97,6,161,-44,19,2,3,3,3,358
4.05,2,0,0,10,65,47,177,350,31,-39,2,3,3,3,358
4.05,2,-1,0,11,27,-111,12,7,-32,-36,0,3,3,3,358
4.05,2,0,0,10,139,21,179,310,-5,0,0,3,3,3,358
4.05,2,0,1,9,-21,4,120,350,-23,-51,3,3,3,3,358
4.05,1,0,0,9,-32,48,66,22,15,-32,3,3,3,3,358
4.05,2,0,0,10,21,33,2,209,0,-13,1,3,3,3,358
4.05,1,-1,1,9,228,-82,-90,55,39,21,0,3,3,3,358
4.05,1,-1,-1,15,102,-57,-41,107,-15,-37,3,3,3,3,358
4.05,1,0,-2,13,107,23,26,331,1,9,3,3,3,3,359
4.04,1,-1,0,10,-10,101,-189,121,-23,53,3,3,3,3,359
4.05,1,0,-1,10,41,137,-111,163,-39,22,0,3,3,3,359
4.05,1,0,0,11,-48,-13,-62,87,22,-18,0,3,3,3,359
4.04,1,0,0,10,-48,76,-7,78,-19,71,0,3,3,3,359
4.04,1,0,0,11,69,-43,88,22,29,16,3,3,3,3,359
4.04,1,1,-1,8,-58,23,2,347,-22,34,3,3,3,3,359
4.04,0,0,0,10,45,51,-64,342,-31,5,1,3,3,3,359
4.04,0,-1,0,11,2,-75,-168,49,-25,-17,2,3,3,3,359
4.04,0,0,0,10,-130,64,75,47,27,-22,2,3,3,3,359
4.04,0,0,1,15,-138,-104,86,106,-29,-9,3,3,3,3,359
4.04,0,2,0,10,29,-3,-57,106,12,-11,2,3,3,3,359
4.04,0,0,0,6,25,-58,33,25,-36,17,1,3,3,3,360
4.04,-1,-4,0,15,-112,-215,398,335,-4,24,1,3,3,3,360
4.04,-1,-1,0,13,58,74,0,108,2,-7,3,3,3,3,360
4.04,-1,0,0,11,60,-89,176,111,-53,-10,3,3,3,3,360
4.04,-1,0,1,12,47,-71,79,103,8,14,2,3,3,3,360
4.04,-1,0,0,8,-81,-20,12,262,-46,48,1,3,3,3,360
4.04,-1,0,0,11,78,-8,13,227,2,-13,2,3,3,3,360
4.04,-1,0,0,11,25,-11,-89,308,-3,-3,2,3,3,3,360
4.04,-1,0,0,13,92,-19,-65,313,4,-13,3,3,3,3,360
4.04,-2,0,0,10,38,13,-38,344,-11,-40,0,3,3,3,360
4.04,-2,0,0,9,-22,8,44,196,-18,54,0,3,3,3,360
4.04,-2,0,-1,21,-6,-11,-83,220,-8,27,3,3,3,3,360
4.04,-2,0,1,4,-59,-52,63,223,-10,-59,3,3,3,3,361
4.04,-2,0,0,8,-27,-8,42,121,23,47,2,3,3,3,361
4.04,-2,0,0,13,-19,40,-62,205,0,30,3,3,3,3,361
4.04,-2,-1,1,11,-75,-49,-170,132,5,-15,2,3,3,3,361
4.04,-2,0,0,12,9,45,12,63,-12,-5,1,3,3,3,361
4.04,-2,0,0,10,-50,-26,0,313,14,-29,3,3,3,3,361
4.04,-3,0,0,11,9,-36,-46,83,-3,-17,3,3,3,3,361
4.04,-3,-1,0,10,-36,20,-167,352,-17,-12,3,3,3,3,361
4.04,-3,-1,0,11,75,1,81,49,-13,-33,2,3,3,3,361
4.04,-3,1,2,10,-15,46,24,128,-57,5,3,3,3,3,361
4.04,-3,1,0,11,-33,64,12,87,-46,-26,3,3,3,3,361
4.04,-3,0,0,12,50,-3,-35,152,6,2,0,3,3,3,361
4.04,-3,0,0,8,-56,-43,107,50,-13,-36,1,3,3,3,362
4.04,-3,-1,0,7,-24,-7,-177,350,20,14,2,3,3,3,362
4.03,-3,0,0,9,7,26,71,193,-1,-4,3,3,3,3,362
4.04,-3,0,1,12,-14,43,166,77,-38,7,3,3,3,3,362
4.04,-3,0,-1,9,-42,-9,67,97,-15,40,3,3,3,3,362
4.03,-3,-1,1,8,46,-43,32,6,-36,-71,3,3,3,3,362
4.04,-4,0,0,15,-102,25,35,47,-38,-9,2,3,3,3,362
4.03,-4,-1,0,14,4,-93,51,229,54,-5,2,3,3,3,362
4.03,-4,0,2,16,-154,-53,148,268,-30,52,1,3,3,3,362
4.04,-4,0,-1,10,105,-24,-3,343,-17,-25,0,3,3,3,362
4.03,-4,2,0,11,5,-73,-12,321,9,23,3,3,3,3,362
4.03,-4,-3,1,14,-20,-146,-30,38,25,-59,3,3,3,3,362
4.03,-4,0,0,10,-31,-46,54,246,-2,20,3,3,3,3,363
4.03,-4,0,0,10,-34,-49,57,288,13,17,0,3,3,3,363
4.03,-4,0,0,14,40,93,59,331,18,-16,2,3,3,3,363
4.03,-4,-2,-1,12,44,-3,-51,71,47,-20,1,3,3,3,363
4.03,-4,0,0,8,51,32,-64,248,-29,-29,2,3,3,3,363
4.03,-4,0,0,10,5,94,75,67,17,-5,0,3,3,3,363
4.03,-5,0,0,14,-18,-76,50,302,-24,50,0,3,3,3,363
4.03,-5,0,0,11,-71,-38,34,206,-14,8,3,3,3,3,363
4.03,-5,-1,0,11,11,-94,83,86,-50,45,2,3,3,3,363
4.03,-5,0,0,9,-32,-11,17,205,3,11,3,3,3,3,363
4.03,-5,0,0,5,6,-49,-24,69,-54,-20,3,3,3,3,363
4.03,-5,0,-1,13,38,81,-8,161,-30,17,3,3,3,3,363
4.03,-5,0,0,9,-30,1,-69,353,1,19,3,3,3,3,364
4.03,-5,-1,0,15,53,75,-155,14,-41,29,0,3,3,3,364
4.03,-5,0,-1,9,47,20,-37,133,-16,54,2,3,3,3,364
4.03,-5,-1,-1,6,46,-33,-52,319,-59,25,3,3,3,3,364
4.03,-5,0,-2,11,77,-13,-49,4,-33,-12,3,3,3,3,364
4.03,-5,0,-1,12,68,36,-4,306,-17,9,3,3,3,3,364
4.03,-5,0,0,11,19,-33,74,282,6,-19,3,3,3,3,364
4.03,-5,0,-1,16,94,-24,-65,129,-47,-28,3,3,3,3,364
4.03,-6,0,-1,12,-4,26,49,37,4,17,3,3,3,3,364
4.03,-6,0,0,10,-40,-86,27,269,-13,-23,3,3,3,3,364
4.03,-6,0,-1,11,-54,-62,93,315,-3,35,3,3,3,3,364
4.03,-6,-1,0,16,106,-54,101,345,39,-14,0,3,3,3,364
4.03,-6,0,0,10,61,27,47,319,73,-25,3,3,3,3,365
4.03,-6,0,0,11,10,-22,-16,139,-4,0,3,3,3,3,365
4.03,-6,0,-1,7,-12,-12,-53,37,-21,34,3,3,3,3,365
4.03,-6,0,0,10,-72,9,-95,8,39,5,3,3,3,3,365
4.03,-6,0,0,13,-18,49,-43,110,-7,42,2,3,3,3,365
4.03,-6,0,0,10,21,54,-101,197,-29,9,3,3,3,3,365
4.03,-6,0,0,12,-2,64,-38,318,-8,28,3,3,3,3,365
4.03,-6,1,0,11,87,-18,10,316,-11,-26,0,3,3,3,365
4.03,-7,0,0,10,48,-13,-43,23,-8,-71,0,3,3,3,365
4.03,-7,0,0,10,12,-30,-25,37,-5,-13,0,3,3,3,365
4.03,-7,0,0,11,-6,-33,-69,233,15,3,0,3,3,3,365
4.03,-7,0,0,10,-8,91,-26,26,-19,-6,0,3,3,3,365
4.03,-7,0,0,10,42,61,-64,88,-22,8,2,3,3,3,366
4.03,-7,0,0,10,-30,-15,-23,75,-24,-42,0,3,3,3,366
4.03,-7,0,-2,11,102,-13,-33,255,-37,28,0,3,3,3,366
4.03,-7,0,0,12,116,-5,-33,242,6,-4,0,3,3,3,366
4.03,-7,0,0,10,0,-9,19,258,14,3,1,3,3,3,366
4.03,-7,-1,-1,13,-27,-87,77,210,-1,45,2,3,3,3,366
4.03,-7,0,-1,11,87,23,53,259,12,25,0,3,3,3,366
4.03,-7,0,0,10,-14,-4,-89,48,42,-38,0,3,3,3,366
4.03,-7,0,0,14,-126,-12,24,155,-58,-13,0,3,3,3,366
4.03,-8,0,0,10,31,41,-3,48,-6,-47,0,3,3,3,366
4.03,-7,0,0,12,7,-69,66,325,42,6,0,3,3,3,366
4.03,-8,0,0,10,35,-21,62,315,14,24,3,3,3,3,366
4.03,-8,0,0,11,-6,27,147,47,9,1,3,3,3,3,367
4.03,-8,0,-1,9,-4,-36,21,45,12,15,0,3,3,3,367
4.03,-8,0,-1,12,41,-54,94,190,27,-1,3,3,3,3,367
4.03,-8,0,-1,6,23,2,55,172,27,39,0,3,3,3,367
4.03,-8,0,0,12,48,-12,-51,43,-34,-44,3,3,3,3,367
4.03,-8,0,0,14,140,1,25,249,45,-12,3,3,3,3,367
4.03,-8,0,0,8,25,-45,56,76,10,43,3,3,3,3,367
4.03,-8,0,0,11,-15,-48,41,82,-14,25,0,3,3,3,367
4.03,-8,0,0,14,65,-31,44,191,26,15,2,3,3,3,367
4.03,-8,0,-1,10,47,-25,-45,229,-9,-13,2,3,3,3,367
4.03,-8,0,0,11,-34,-64,-45,101,24,-27,3,3,3,3,367
4.03,-8,0,0,11,25,46,31,32,-28,7,3,3,3,3,367
4.03,-8,0,0,10,5,47,85,182,7,5,0,3,3,3,368
4.03,-8,0,0,11,21,-8,92,74,21,-50,3,3,3,3,368
4.03,-9,-2,-1,11,3,-33,164,235,-3,44,0,3,3,3,368
4.03,-9,0,0,11,13,-63,3,231,12,30,2,3,3,3,368
4.03,-9,0,0,9,10,5,-17,86,13,-12,1,3,3,3,368
4.03,-8,0,-1,12,7,71,4,279,-21,21,3,3,3,3,368
4.03,-9,0,0,10,8,-17,-64,253,3,-31,0,3,3,3,368
4.03,-9,0,0,10,-29,-5,-40,145,10,2,0,3,3,3,368
4.03,-9,0,0,12,-47,101,30,12,17,35,0,3,3,3,368
4.03,-9,0,-1,8,12,71,-26,134,15,56,2,3,3,3,368
4.03,-9,0,0,9,-26,-42,-41,228,17,-1,0,3,3,3,368
4.03,-9,0,0,11,-16,-28,-107,49,0,7,0,3,3,3,368
4.03,-9,0,0,10,54,57,55,55,45,2,2,3,3,3,369
4.03,-9,0,0,11,24,0,81,46,15,19,2,3,3,3,369
4.02,-9,0,0,11,17,16,72,172,4,-4,3,3,3,3,369
4.02,-9,0,0,9,23,10,26,322,13,-13,0,3,3,3,369
4.02,-9,0,0,8,54,47,77,331,-5,-20,0,3,3,3,369
4.03,-9,0,0,14,63,-5,89,168,30,-12,0,3,3,3,369
4.02,-9,0,0,10,-12,-31,-4,307,27,60,0,3,3,3,369
4.03,-9,0,0,12,-26,-39,66,241,-6,56,0,3,3,3,369
4.02,-9,0,0,13,38,-16,115,9,28,-20,0,3,3,3,369
4.02,-9,0,0,11,53,-15,7,26,10,0,2,3,3,3,369
4.02,-9,-1,0,13,30,-5,93,117,27,11,3,3,3,3,369
4.02,-9,0,0,11,61,1,47,172,1,-9,0,3,3,3,369
4.02,-9,1,0,9,-30,-6,-29,323,-3,10,2,3,3,3,370
4.02,-9,0,-1,11,-10,-26,7,29,8,19,2,3,3,3,370
4.02,-9,0,1,10,-35,41,-5,259,4,-31,3,3,3,3,370
4.02,-9,0,0,6,-18,-3,18,148,16,-33,0,3,3,3,370
4.02,-9,0,0,10,49,-30,-13,333,8,11,1,3,3,3,370
4.02,-9,0,0,11,10,14,70,149,11,-6,2,3,3,3,370
4.02,-9,0,0,9,-27,31,25,116,12,12,0,3,3,3,370
4.02,-9,-1,0,11,-55,-1,-12,359,-47,-32,3,3,3,3,370
4.02,-9,0,1,9,21,20,9,264,6,-63,2,3,3,3,370
4.02,-9,0,0,10,41,-65,76,144,28,20,3,3,3,3,370
4.02,-9,0,0,10,17,-20,101,153,11,2,2,3,3,3,370
4.02,-9,0,0,10,-12,-2,-51,311,5,5,0,3,3,3,370
4.02,-9,0,0,10,-10,-52,8,145,-6,-30,3,3,3,3,371
4.02,-9,0,0,12,0,57,11,250,-18,19,0,3,3,3,371
4.02,-9,0,1,11,52,51,26,83,13,5,0,3,3,3,371
4.02,-9,0,0,11,6,-34,43,271,6,28,0,3,3,3,371
4.02,-9,0,0,8,47,43,66,318,26,40,1,3,3,3,371
4.02,-9,0,-1,11,32,-44,-23,100,-13,-21,2,3,3,3,371
4.02,-9,0,-1,6,55,33,-94,341,48,33,0,3,3,3,371
4.02,-9,0,0,13,67,-6,-32,257,-15,-41,1,3,3,3,371
4.02,-9,0,0,15,-61,-2,-22,160,21,3,3,3,3,3,371
4.02,-9,0,1,11,-39,-9,-72,163,18,-24,1,3,3,3,371
4.02,-9,0,0,10,23,-16,-34,57,-11,-28,2,3,3,3,371
4.02,-9,0,1,13,40,-26,-60,338,4,-26,0,3,3,3,372
4.02,-9,0,0,11,28,-32,43,154,13,1,1,3,3,3,372
4.02,-9,0,0,9,47,17,11,314,-1,-4,3,3,3,3,372
4.02,-9,0,0,11,-42,-57,-50,94,29,20,3,3,3,3,372
4.02,-9,0,0,14,1,-55,8,214,21,-24,2,3,3,3,372
4.02,-9,0,-1,12,47,17,-35,325,-16,-6,3,3,3,3,372
4.02,-9,-1,0,12,37,10,-32,337,-20,0,3,3,3,3,372
4.02,-9,0,0,10,4,12,-34,212,-10,-4,3,3,3,3,372
4.02,-9,0,0,11,18,12,-40,140,-14,-22,3,3,3,3,372
4.02,-9,0,0,9,2,-36,-57,344,24,1,2,3,3,3,372
4.02,-9,0,0,9,-10,-31,-72,119,0,-20,0,3,3,3,372
4.02,-9,0,0,9,-10,-29,-39,343,28,-6,3,3,3,3,372
4.02,-8,-1,-1,10,9,-33,-1,235,-22,-9,0,3,3,3,373
4.02,-9,0,0,8,-9,-1,-59,47,19,-17,0,3,3,3,373
4.02,-8,0,0,10,-65,7,-19,247,23,26,1,3,3,3,373
4.02,-8,0,0,10,17,-19,-51,35,-1,-9,1,3,3,3,373
4.02,-8,0,0,9,-47,-7,-27,295,36,-25,3,3,3,3,373
4.02,-8,0,-1,12,-68,58,76,196,-31,26,3,3,3,3,373
4.02,-8,0,0,11,-45,-36,-56,197,14,-8,3,3,3,3,373
4.02,-8,0,-1,12,52,-11,-66,54,-30,-10,0,3,3,3,373
4.02,-8,-1,1,11,34,-97,-126,346,-1,-47,3,3,3,3,373
4.02,-8,-1,0,9,33,-57,-56,299,-12,-33,0,3,3,3,373
4.02,-8,0,0,11,-34,7,-11,149,7,12,3,3,3,3,373
4.02,-8,0,0,9,-31,-19,56,299,-5,3,1,3,3,3,373
4.02,-8,0,-1,9,33,-25,4,340,9,10,0,3,3,3,374
4.02,-8,0,0,10,-47,1,76,344,-7,40,0,3,3,3,374
4.02,-8,0,-1,10,50,-9,46,35,29,18,0,3,3,3,374
4.02,-8,0,-1,10,1,1,36,122,12,3,0,3,3,3,374
4.02,-8,0,0,11,0,-38,5,232,12,9,2,3,3,3,374
4.02,-8,0,-1,10,30,13,-9,358,13,-2,0,3,3,3,374
4.02,-8,1,-1,10,17,-18,39,355,5,-9,2,3,3,3,374
4.02,-8,0,0,11,31,-25,87,99,12,18,2,3,3,3,374
4.02,-8,0,0,11,20,-18,23,138,4,3,3,3,3,3,374
4.02,-7,0,0,11,15,3,21,195,6,12,3,3,3,3,374
4.02,-7,0,0,11,8,-29,106,257,12,18,3,3,3,3,374
4.02,-7,0,0,10,57,-6,56,35,5,-14,2,3,3,3,374
4.02,-7,0,-1,11,21,27,7,38,14,6,0,3,3,3,375
4.02,-7,0,0,13,-28,5,-31,162,8,11,2,3,3,3,375
4.02,-7,0,0,11,-39,12,-42,229,25,11,0,3,3,3,375
4.02,-7,-1,0,14,-86,-15,102,345,2,-3,3,3,3,3,375
4.02,-7,0,0,9,-56,11,82,92,-3,19,3,3,3,3,375
4.02,-7,0,0,9,-25,-36,33,277,18,12,0,3,3,3,375
4.02,-7,0,0,12,33,-46,70,353,22,0,0,3,3,3,375
4.02,-7,0,-1,9,18,-28,10,83,4,11,0,3,3,3,375
4.02,-7,0,0,9,12,22,27,268,-2,-5,0,3,3,3,375
4.02,-7,0,0,9,13,36,72,315,-5,32,0,3,3,3,375
4.02,-6,0,0,10,16,-42,-19,241,13,-17,1,3,3,3,375
4.02,-6,0,0,13,61,6,52,338,-45,4,3,3,3,3,375
4.02,-6,0,0,9,0,-43,16,309,31,-34,3,3,3,3,376
4.02,-6,0,0,11,-19,-2,-13,224,-1,29,2,3,3,3,376
4.02,-6,0,0,11,36,-12,-82,354,3,-24,1,3,3,3,376
4.02,-6,0,-1,13,54,-3,-64,140,-37,22,3,3,3,3,376
4.02,-6,0,0,11,7,37,-90,154,-20,10,2,3,3,3,376
4.02,-6,0,-1,11,59,-21,-29,176,-19,-3,0,3,3,3,376
4.02,-6,0,1,11,34,4,0,15,0,-27,3,3,3,3,376
4.02,-6,0,0,11,-62,16,78,155,7,19,2,3,3,3,376
4.02,-6,0,0,10,-2,-2,-59,280,7,-16,0,3,3,3,376
4.02,-5,0,0,11,-51,-49,-44,170,25,9,3,3,3,3,376
4.02,-5,0,0,11,4,-25,-83,311,4,-18,0,3,3,3,376
4.02,-5,0,0,10,43,22,-53,320,-14,0,1,3,3,3,376
4.02,-5,0,0,9,-18,-38,-28,188,-43,-28,3,3,3,3,377
4.02,-5,0,0,11,1,-48,-12,317,13,-11,2,3,3,3,377
4.02,-5,-1,0,12,32,-26,-26,325,0,-18,0,3,3,3,377
4.02,-5,0,0,9,-36,5,-65,220,9,13,0,3,3,3,377
4.02,-5,0,0,12,-31,81,-45,227,3,31,0,3,3,3,377
4.02,-5,-1,0,10,7,-45,-37,39,-7,-25,3,3,3,3,377
4.02,-5,0,0,12,-34,-83,-37,268,31,-18,0,3,3,3,377
4.02,-5,0,0,11,-58,-15,-33,171,11,22,0,3,3,3,377
4.02,-5,-1,-1,11,17,-52,17,231,3,44,0,3,3,3,377
4.02,-4,0,-1,10,8,-26,72,10,9,0,3,3,3,3,377
4.02,-4,0,0,10,-4,8,31,106,2,8,1,3,3,3,377
4.02,-4,0,0,10,-8,-35,15,284,12,5,0,3,3,3,377
4.02,-4,0,-1,10,32,4,13,64,9,2,0,3,3,3,378
4.02,-4,0,-1,11,2,-34,38,176,24,18,0,3,3,3,378
4.02,-4,0,0,10,-19,42,7,76,-31,-10,2,3,3,3,378
4.02,-4,0,0,10,19,3,51,281,13,-3,2,3,3,3,378
4.02,-4,0,0,8,65,4,16,61,26,0,1,3,3,3,378
4.02,-4,0,0,10,51,-21,32,135,10,-7,0,3,3,3,378
4.02,-4,0,0,13,-36,-59,47,8,-8,43,3,3,3,3,378
4.02,-4,0,-1,10,-19,-25,67,108,20,-8,0,3,3,3,378
4.02,-4,0,-1,9,-9,3,22,221,18,3,2,3,3,3,378
4.02,-3,-1,-1,12,31,-18,117,326,7,0,0,3,3,3,378
4.02,-3,0,0,10,-18,-7,42,141,3,6,1,3,3,3,378
4.02,-3,0,-1,12,35,8,92,257,7,1,0,3,3,3,378
4.02,-3,0,-1,11,31,5,85,356,9,-1,0,3,3,3,379
4.02,-3,0,-1,11,22,-34,67,35,19,1,3,3,3,3,379
4.02,-3,0,-1,8,-61,-45,57,208,3,38,0,3,3,3,379
4.02,-3,0,0,10,-6,-18,116,264,13,6,0,3,3,3,379
4.02,-3,0,0,12,-15,4,10,24,30,-3,1,3,3,3,379
4.02,-3,0,0,10,-63,-22,-28,318,-19,30,0,3,3,3,379
4.02,-2,0,-2,9,22,-37,76,176,26,6,3,3,3,3,379
4.02,-2,0,0,10,12,1,94,298,22,0,0,3,3,3,379
4.02,-2,0,0,9,45,-10,75,25,35,-9,1,3,3,3,379
4.02,-2,0,0,8,35,15,32,27,4,-58,3,3,3,3,379
4.02,-2,0,0,10,-23,21,22,352,9,-14,2,3,3,3,379
4.02,-2,0,0,10,-22,5,-68,120,13,-5,2,3,3,3,379
4.02,-2,0,0,9,9,-29,-29,287,11,-2,2,3,3,3,380
4.02,-2,0,-1,9,-83,55,34,152,1,54,1,3,3,3,380
4.02,-2,0,-1,11,34,-6,-51,358,-17,-11,0,3,3,3,380
4.02,-1,0,0,10,-29,19,-3,162,10,17,3,3,3,3,380
4.02,-1,0,0,8,9,-29,11,38,-12,36,1,3,3,3,380
4.02,-1,0,0,12,-20,-29,-68,102,23,7,0,3,3,3,380
4.02,-1,0,0,10,38,-13,-71,208,0,-17,0,3,3,3,380
4.02,-1,0,0,10,2,-29,-38,325,4,-8,0,3,3,3,380
4.02,-1,0,0,11,-27,13,-28,174,4,11,0,3,3,3,380
4.02,-1,0,0,11,-10,54,45,14,-19,29,0,3,3,3,380
4.02,-1,0,0,8,-26,-48,0,178,36,-17,2,3,3,3,380
4.02,-1,0,-1,12,-19,12,-29,182,-32,-9,0,3,3,3,380
4.02,-1,0,0,10,53,33,-52,38,-12,-5,0,3,3,3,381
4.02,0,-1,0,10,5,-20,-37,318,-1,-5,0,3,3,3,381
4.02,0,-1,0,9,0,-34,-55,255,3,-25,1,3,3,3,381
4.02,0,0,0,11,-21,23,-79,124,28,15,0,3,3,3,381
4.02,0,0,-1,9,16,0,86,33,19,8,0,3,3,3,381
4.02,0,0,0,12,-18,-5,-29,318,-23,-6,0,3,3,3,381
4.02,1,0,0,11,-2,23,-1,233,14,-11,3,3,3,3,381
4.02,1,0,0,9,-46,5,2,186,10,0,1,3,3,3,381
4.02,1,0,-1,9,36,-25,80,147,20,9,3,3,3,3,381
4.02,1,0,-1,11,20,-8,31,254,13,16,1,3,3,3,381
4.02,1,0,-1,11,20,35,131,334,19,-15,1,3,3,3,381
4.02,1,0,0,9,45,37,-43,171,-31,18,2,3,3,3,381
4.02,1,0,0,7,-2,-8,14,163,-58,-34,1,3,3,3,382
4.02,1,0,0,11,-26,65,0,169,-38,-15,1,3,3,3,382
4.02,1,0,-1,9,12,-6,40,77,0,19,0,3,3,3,382
4.02,2,0,-1,10,15,12,84,302,10,-1,0,3,3,3,382
4.02,2,0,-1,11,33,5,23,88,5,-3,0,3,3,3,382
4.02,2,0,0,10,31,39,-43,235,1,-24,0,3,3,3,382
4.02,2,0,-1,10,17,-25,-20,84,6,9,1,3,3,3,382
4.02,2,0,0,15,58,18,96,231,22,-6,3,3,3,3,382
4.02,2,-1,-1,10,-20,-3,201,253,6,-2,2,3,3,3,382
4.02,2,0,0,10,-29,0,46,275,15,12,0,3,3,3,382
4.02,2,0,-1,9,22,1,59,45,8,6,3,3,3,3,382
4.02,3,0,0,10,0,9,19,194,5,8,3,3,3,3,382
4.03,3,0,0,11,2,59,1,18,-16,2,0,3,3,3,383
4.02,3,-1,0,9,23,-37,-61,242,0,-30,2,3,3,3,383
4.02,3,0,0,10,14,-1,-45,42,6,-5,2,3,3,3,383
4.02,3,0,0,9,-26,17,-31,217,7,13,0,3,3,3,383
4.03,3,0,0,10,-21,-9,29,17,-3,-26,1,3,3,3,383
4.03,3,0,-1,12,-41,69,40,180,-3,34,3,3,3,3,383
4.03,3,0,0,9,-10,-50,65,212,36,-7,3,3,3,3,383
4.03,3,0,0,8,5,6,14,59,-39,-47,1,3,3,3,383
4.03,4,0,0,9,-1,1,101,350,-9,-28,2,3,3,3,383
4.02,4,0,0,10,-53,-43,10,106,-4,29,3,3,3,3,383
4.03,4,0,0,12,-12,-20,60,303,7,3,2,3,3,3,383
4.03,4,-2,0,10,-46,-117,144,14,-30,14,1,3,3,3,383
4.03,4,0,-1,10,33,-9,-5,180,18,-6,2,3,3,3,384
4.03,4,0,0,11,28,-4,-21,344,5,-9,3,3,3,3,384
4.03,4,0,1,13,-44,24,69,232,-26,16,0,3,3,3,384
4.03,4,-5,6,4,0,0,1,45,-36,-56,0,3,3,3,384
