4.16,16,0,0,9,0,0,0,218,1,-2,3,3,3,2,275
4.16,16,0,4,14,-14,-33,-49,248,-1,-15,3,3,3,2,275
4.16,16,-1,2,9,-18,-17,-7,25,-6,-7,3,3,3,2,275
4.16,16,0,1,9,-7,-5,-29,37,-2,-9,3,3,3,2,275
4.16,16,-1,0,8,10,0,-1,41,-4,0,3,3,3,2,275
4.16,16,0,1,10,34,0,-9,46,0,-4,3,3,3,2,275
4.16,16,1,0,9,-8,-3,-34,44,-1,-6,3,3,3,2,275
4.16,16,0,1,9,8,18,-40,53,-8,-2,3,3,3,2,275
4.16,16,-2,3,10,-28,-13,108,61,-21,-19,3,3,3,3,275
4.16,17,-5,6,4,-7,1,16,92,-27,-50,3,3,3,3,275
4.16,16,-5,8,4,-86,-6,-70,119,-24,-47,3,3,3,3,275
4.16,17,-4,7,5,31,58,-18,91,-11,-44,3,3,3,3,275
4.16,17,-3,5,5,-55,19,76,91,-17,-53,3,3,3,3,276
4.16,17,-4,9,3,-26,58,39,111,-27,-64,3,3,3,3,276
4.16,17,-4,10,3,25,-23,-23,102,-30,-61,3,3,3,3,276
4.16,17,-4,8,3,5,-11,-3,85,-25,-66,3,3,3,3,276
4.16,17,-4,8,4,-10,-14,19,108,-25,-60,3,3,3,3,276
4.16,17,-3,12,4,69,-20,12,98,-30,-51,3,3,3,3,276
4.16,17,-3,6,3,-20,-34,-18,82,-19,-52,3,3,3,3,276
4.16,17,-4,8,2,-14,-34,-53,98,-22,-69,3,3,3,3,276
4.16,17,-4,8,2,-3,21,-1,191,-30,-66,3,3,3,3,276
4.16,17,-3,8,2,-15,30,14,165,-28,-70,3,3,3,3,276
4.16,17,-4,9,3,28,-22,16,234,-26,-62,3,3,3,3,276
4.16,17,-5,9,2,38,-96,-33,289,-26,-66,3,3,3,3,276
4.16,17,-4,8,2,-20,18,3,266,-24,-75,3,3,3,3,277
4.16,17,-4,8,2,4,-5,-3,249,-25,-73,3,3,3,3,277
4.16,17,-3,7,4,78,-47,-8,298,-26,-66,3,3,3,3,277
4.16,17,-3,7,5,-8,-17,-19,296,-22,-54,3,3,3,3,277
4.16,17,-5,4,6,-16,16,-41,305,-47,-47,2,3,3,3,277
4.16,17,-1,0,7,-21,-17,41,53,10,-31,2,3,3,3,277
4.16,17,-2,0,10,-4,-19,76,143,-9,-6,3,3,3,3,277
4.16,17,-2,0,9,15,0,-4,203,-10,-1,3,3,3,3,277
4.16,17,-2,0,8,0,24,227,244,-7,31,3,3,3,3,277
4.16,17,-1,0,10,-13,10,112,107,-19,-11,1,3,3,3,277
4.16,17,-2,0,9,3,-11,-124,63,-14,6,3,3,3,3,277
4.16,17,-2,0,9,-8,-5,28,287,-9,1,0,3,3,3,277
4.16,17,-2,0,9,13,8,17,135,-14,-1,2,3,3,3,278
4.16,17,-2,0,9,0,15,-1,96,-14,0,1,3,3,3,278
4.16,17,-2,0,9,-8,-4,-47,236,-10,1,0,3,3,3,278
4.16,17,-2,0,9,-21,-7,73,352,-5,-2,2,3,3,3,278
4.16,17,-2,1,10,-26,-5,41,14,-10,3,3,3,3,3,278
4.16,17,-2,0,9,-16,-10,7,207,-8,1,0,3,3,3,278
4.16,17,-1,0,9,-21,1,51,195,-10,0,3,3,3,3,278
4.16,17,-2,0,9,-9,-7,68,137,-11,-5,0,3,3,3,278
4.16,17,-1,0,10,19,16,-65,107,-26,0,0,3,3,3,278
4.16,17,-2,0,9,-15,2,69,9,-6,0,3,3,3,3,278
4.16,17,-2,1,9,10,-6,-105,79,-27,3,3,3,3,3,278
4.16,17,-2,0,10,30,-10,-24,325,-14,-8,2,3,3,3,278
4.16,17,-2,0,9,-30,12,168,169,-3,0,3,3,3,3,279
4.16,17,-2,0,8,-3,14,-5,235,-15,0,3,3,3,3,279
4.16,17,-2,0,9,-3,-1,64,311,-27,2,2,3,3,3,279
4.16,17,-2,0,10,-46,-1,160,163,-9,-13,2,3,3,3,279
4.16,17,-3,0,9,-55,3,251,353,-9,-1,2,3,3,3,279
4.16,17,-2,0,8,24,-6,-151,1,-15,16,3,3,3,3,279
4.16,17,-2,0,9,4,-7,2,174,-10,-8,2,3,3,2,279
4.16,17,-2,0,10,-11,-20,24,261,-19,4,0,3,3,2,279
4.16,17,-2,0,10,-11,-4,-78,13,-11,3,3,3,3,3,279
4.16,17,-2,0,9,-15,11,45,139,-14,0,0,3,3,3,279
4.16,17,-2,0,10,-13,0,-1,139,-7,1,0,3,3,3,279
4.16,17,-2,0,9,-7,-3,-12,43,-1,3,0,3,3,3,279
4.16,17,-3,0,9,50,-42,-230,153,-6,5,0,3,3,3,280
4.16,17,-2,0,10,-27,-2,168,348,-5,-3,0,3,3,3,280
4.16,17,-2,0,9,18,-1,-106,353,-6,7,3,3,3,3,280
4.16,17,-3,0,10,-34,-20,158,112,-23,12,3,3,3,3,280
4.16,17,-2,0,9,-19,-24,121,288,-9,0,2,3,3,3,280
4.16,17,-2,0,9,0,-19,37,64,-8,-4,3,3,3,2,280
4.16,17,-2,0,9,10,-6,-70,207,-8,-2,0,3,3,3,280
4.16,17,-2,0,9,11,1,-37,79,-19,1,0,3,3,2,280
4.16,16,-2,0,9,17,-8,-32,54,-8,-7,2,3,3,2,280
4.16,16,-1,0,10,2,5,-18,144,-15,0,0,3,3,2,280
4.16,16,-2,0,8,51,-15,-141,275,-20,-13,1,3,3,2,280
4.16,16,-1,0,9,39,1,-70,147,-15,-1,2,3,3,3,280
4.16,16,-2,0,10,24,-7,-144,175,0,12,1,3,3,2,281
4.16,16,-2,0,9,4,2,-6,16,-9,4,2,3,3,2,281
4.16,16,-2,0,9,14,-1,-62,343,-10,-5,3,3,3,2,281
4.16,16,-2,0,9,19,-24,-114,313,-7,-18,2,3,3,2,281
4.16,16,-2,0,9,2,-1,34,138,-11,-3,1,3,3,2,281
4.16,16,-1,0,9,15,15,-90,221,-13,3,1,3,3,2,281
4.16,16,-2,0,9,22,-14,-85,264,2,-2,2,3,3,2,281
4.16,16,-2,0,9,1,2,16,55,-13,-3,3,3,3,2,281
4.16,16,-1,0,9,-30,6,-8,301,-14,1,2,3,3,2,281
4.16,16,-2,0,9,-3,1,26,63,-14,-1,3,3,3,2,281
4.16,16,-2,0,9,-8,-11,33,352,-8,-4,0,3,3,2,281
4.16,16,-1,0,9,16,-1,-63,331,-12,0,0,3,3,2,281
4.16,16,-2,0,9,14,-1,32,157,-7,-2,2,3,3,2,282
4.16,15,-2,0,9,-23,5,43,71,-11,5,2,3,3,2,282
4.16,15,-2,0,9,-19,-14,126,166,-25,15,2,3,3,2,282
4.16,15,-2,0,9,-5,-8,28,27,-11,-3,1,3,3,2,282
4.16,15,-2,0,9,-24,-1,99,199,-6,-3,1,3,3,2,282
4.16,15,-2,0,9,2,-15,-9,30,-7,-2,2,3,3,2,282
4.16,15,-2,0,9,-11,-3,120,227,1,2,3,3,3,2,282
4.16,15,-2,0,9,4,-1,13,6,-11,-4,3,3,3,2,282
4.16,15,-2,0,9,-15,2,54,136,-10,-1,3,3,3,2,282
4.16,15,-2,0,9,-4,-9,49,327,-10,-2,0,3,3,2,282
4.16,14,-2,0,9,-12,0,31,29,-9,-1,2,3,3,2,282
4.16,14,-2,0,9,-7,-4,44,242,-9,-1,0,3,3,2,283
4.16,14,-2,0,9,-9,-5,58,356,-8,-2,2,3,3,2,283
4.16,14,-2,0,9,4,0,40,183,-10,-4,3,3,3,2,283
4.16,14,-2,0,9,2,-5,13,335,-10,-2,1,3,3,2,283
4.16,13,-2,0,9,-3,-2,54,82,-9,-2,3,3,3,2,283
4.16,13,-2,0,9,0,-3,14,326,-11,-1,0,3,3,2,283
4.16,13,-2,0,9,-9,4,41,356,-13,-1,0,3,3,2,283
4.16,13,-2,0,9,10,4,51,308,-12,-6,1,3,3,2,283
4.16,13,-2,0,9,-12,-4,31,294,-11,2,3,3,3,2,283
4.16,13,-2,0,9,-2,0,48,223,-11,-3,3,3,3,2,283
4.16,13,-2,0,9,2,-6,28,320,-8,-2,1,3,3,2,283
4.16,13,-2,0,9,-7,-3,73,84,-8,-3,1,3,3,2,283
4.16,12,-2,0,9,-1,1,10,321,-11,-3,0,3,3,2,284
4.16,12,-2,0,9,-9,-3,47,359,-8,-1,2,3,3,2,284
4.16,12,-2,0,9,-4,-4,47,287,-11,-4,1,3,3,2,284
4.16,12,-2,0,9,6,0,8,17,-11,-3,1,3,3,2,284
4.16,12,-2,0,9,-19,-6,97,130,-4,0,3,3,3,2,284
4.16,12,-2,0,9,14,6,0,4,-12,-4,2,3,3,2,284
4.16,12,-2,0,9,0,-7,36,46,-9,-4,2,3,3,2,284
4.16,11,-2,0,9,9,-8,-9,284,-11,-3,0,3,3,2,284
4.16,11,-2,0,9,-16,-7,57,20,-5,4,2,3,3,2,284
4.16,11,-1,0,9,3,0,2,263,-10,-4,2,3,3,2,284
4.16,11,-2,0,9,-25,-5,83,301,-6,0,2,3,3,2,284
4.16,11,-2,0,9,-1,-1,27,213,-10,-3,3,3,3,2,284
4.16,11,-2,0,9,-14,-8,44,286,-9,-1,0,3,3,2,285
4.16,10,-2,0,9,-9,0,62,107,-8,-4,2,3,3,2,285
4.16,10,-2,0,9,0,-7,12,292,-9,-1,0,3,3,2,285
4.16,10,-2,0,9,-19,4,74,33,-10,-1,1,3,3,2,285
4.16,10,-2,0,9,-5,-6,52,309,-9,-4,0,3,3,2,285
4.16,10,-2,0,9,-3,7,18,165,-11,-3,3,3,3,2,285
4.16,10,-2,0,9,-20,0,71,197,-12,5,2,3,3,2,285
4.16,10,-2,0,9,-8,-8,20,1,-9,-1,2,3,3,2,285
4.16,9,-2,0,9,-3,-4,-27,142,-12,0,0,3,3,2,285
4.16,9,-2,0,9,2,2,40,89,-13,-5,1,3,3,2,285
4.16,9,-2,0,9,-7,1,63,141,-9,-2,3,3,3,2,285
4.16,9,-1,0,9,-2,-5,15,348,-13,-1,3,3,3,2,285
4.16,9,-2,0,9,-1,7,-26,74,-11,-2,1,3,3,2,286
4.16,9,-2,0,9,3,-7,23,73,-11,-4,3,3,3,2,286
4.16,9,-2,0,9,-1,-13,23,123,-12,1,2,3,3,2,286
4.16,8,-2,0,9,4,5,12,75,-14,-4,3,3,3,2,286
4.16,8,-2,0,9,-8,-8,46,233,-13,-1,3,3,3,2,286
4.16,8,-2,0,9,-26,-12,105,96,-10,-1,2,3,3,2,286
4.16,8,-2,0,9,5,-11,-17,306,-9,-1,2,3,3,2,286
4.16,8,-1,0,9,3,-1,-5,319,-13,-3,1,3,3,2,286
4.16,8,-1,0,9,-11,0,35,52,-14,0,3,3,3,2,286
4.16,7,-2,0,9,-9,-2,64,226,-9,-5,3,3,3,2,286
4.16,7,-2,0,9,-20,-11,46,308,-9,1,3,3,3,2,286
4.16,7,-2,0,9,4,7,37,191,-11,-5,0,3,3,2,286
4.16,7,-1,0,9,-13,-7,76,215,-1,-4,3,3,3,2,287
4.16,7,-2,0,9,6,-7,-3,313,-11,-2,3,3,3,2,287
4.16,7,-1,0,9,6,2,-8,276,-11,-4,2,3,3,2,287
4.16,6,-2,0,9,-10,-2,61,269,-11,1,1,3,3,2,287
4.16,6,-2,0,9,0,-1,22,203,-12,-4,3,3,3,2,287
4.16,6,-2,0,9,0,5,-35,181,-13,0,1,3,3,2,287
4.16,6,-1,0,9,3,1,-31,320,-12,-1,3,3,3,2,287
4.16,6,-1,0,9,0,6,-19,160,-14,0,3,3,3,2,287
4.16,6,-2,0,9,-24,16,131,312,-15,-2,3,3,3,2,287
4.16,6,-1,0,9,4,-6,-22,326,-11,0,3,3,3,2,287
4.16,5,-2,0,9,-7,0,38,239,-12,-3,1,3,3,2,287
4.16,5,-2,0,9,6,-2,45,25,-10,-4,1,3,3,2,287
4.16,5,-2,0,9,-22,5,68,53,-13,1,2,3,3,2,288
4.16,5,-2,0,9,0,5,32,342,-10,-4,1,3,3,2,288
4.16,5,-2,0,9,7,6,1,239,-14,-2,3,3,3,2,288
4.16,4,-2,0,9,3,-1,-62,222,-12,0,3,3,3,2,288
4.16,4,-1,0,9,4,6,-35,15,-15,1,2,3,3,2,288
4.16,4,-2,0,9,-10,-3,50,53,-13,0,0,3,3,2,288
4.16,4,-2,0,9,-12,-6,79,231,-8,-3,0,3,3,2,288
4.16,4,-2,0,9,-10,2,69,57,-10,-5,2,3,3,2,288
4.16,3,-2,0,9,0,-6,13,179,-10,-1,3,3,3,2,288
4.16,3,-2,0,9,-9,-9,40,26,-10,-2,2,3,3,2,288
4.16,3,-2,0,9,2,0,-2,237,-11,-3,3,3,3,2,288
4.16,2,-2,0,9,-3,-4,43,327,-10,-2,2,3,3,2,288
4.16,2,-2,0,9,-6,2,49,223,-11,-4,3,3,3,2,289
4.16,2,-2,0,9,-6,-8,32,277,-10,-1,3,3,3,2,289
4.16,1,-2,0,9,-5,-7,8,196,-10,0,2,3,3,2,289
4.16,1,-2,0,9,-21,1,88,22,-9,-1,1,3,3,2,289
4.16,1,-2,0,9,-5,0,52,235,-10,-3,2,3,3,2,289
4.16,0,-2,0,9,-7,-1,-11,348,-12,0,1,3,3,2,289
4.16,0,-2,0,9,-12,2,63,331,-13,-2,0,3,3,2,289
4.16,0,-2,0,9,-8,0,55,32,-11,-5,3,3,3,2,289
4.16,0,-1,0,10,-11,11,86,79,-15,-8,3,3,3,2,289
4.16,0,-1,0,9,-10,-2,40,352,-11,-3,3,3,3,2,289
4.16,-1,-2,0,9,-1,5,20,3,-12,-4,1,3,3,2,289
4.16,-1,-2,0,9,0,-3,16,221,-10,-3,3,3,3,2,289
4.16,-1,-2,0,9,-8,-1,66,306,-10,-4,2,3,3,2,290
4.16,-1,-2,0,9,9,1,-34,297,-12,-3,1,3,3,2,290
4.16,-1,-1,0,9,9,-2,-20,276,-10,-1,3,3,3,2,290
4.16,-1,-1,0,9,-11,6,45,162,-14,-1,2,3,3,2,290
4.16,-1,-2,0,9,19,8,-41,262,-14,-4,3,3,3,2,290
4.16,-1,-2,0,9,-9,-2,11,14,-11,-2,3,3,3,2,290
4.16,-1,-2,0,9,-13,8,59,149,-14,2,2,3,3,2,290
4.16,-1,-2,0,8,-1,3,14,59,-13,-3,1,3,3,2,290
4.16,-2,-2,0,9,0,-1,6,316,-12,-1,0,3,3,2,290
4.16,-2,-2,0,9,-20,0,100,105,-7,-2,1,3,3,2,290
4.16,-2,-2,0,9,0,0,37,303,-10,-5,3,3,3,2,290
4.16,-2,-2,0,9,7,-2,1,223,-11,-2,1,3,3,2,290
4.16,-2,-2,0,9,-3,1,42,136,-13,-5,2,3,3,2,291
4.16,-3,-2,0,9,-6,-6,41,230,-9,-1,1,3,3,2,291
4.16,-3,-2,0,9,-15,4,44,72,-11,0,3,3,3,2,291
4.16,-3,-1,0,9,-12,3,30,116,-14,-3,2,3,3,2,291
4.16,-3,-2,0,9,-32,10,171,289,-12,-5,3,3,3,2,291
4.16,-3,-2,0,9,-18,8,83,21,-11,-6,0,3,3,2,291
4.16,-3,-2,0,9,-4,-9,63,36,-7,-2,1,3,3,2,291
4.16,-3,-1,0,9,-2,5,26,276,-14,-8,3,3,3,2,291
4.16,-3,-1,0,9,-3,0,29,248,-10,-1,3,3,3,2,291
4.16,-3,-1,0,9,-5,0,-48,196,-13,1,3,3,3,2,291
4.16,-3,-2,0,9,23,0,-121,206,-11,4,0,3,3,2,291
4.16,-4,-2,0,9,-10,-1,50,111,-10,-1,3,3,3,2,291
4.16,-4,-2,0,9,1,-4,6,82,-8,-2,2,3,3,2,292
4.16,-4,-2,0,9,-9,3,54,174,-11,1,1,3,3,2,292
4.16,-4,-2,0,9,-38,4,168,68,-2,3,1,3,3,2,292
4.16,-4,-2,0,9,0,6,14,318,-14,-5,2,3,3,2,292
4.16,-5,-2,0,9,4,-12,2,202,-9,-2,3,3,3,2,292
4.16,-5,-2,0,9,-13,0,79,341,-7,-4,3,3,3,2,292
4.16,-5,-1,0,9,-7,-3,62,42,-9,-3,2,3,3,2,292
4.16,-5,-2,0,9,-12,-5,70,55,-8,-2,2,3,3,2,292
4.16,-5,-2,0,9,-17,5,57,281,-14,-2,3,3,3,2,292
4.16,-5,-1,0,9,13,2,-18,248,-13,-5,2,3,3,2,292
4.16,-5,-2,0,8,9,-10,-40,315,-10,0,3,3,3,2,292
4.16,-5,-2,0,9,-18,4,49,320,-14,0,3,3,3,2,292
4.16,-5,-2,0,9,-11,-2,42,24,-11,-6,3,3,3,2,293
4.16,-6,-2,0,9,9,-10,-4,328,-3,2,2,3,3,2,293
4.16,-6,-2,0,8,-13,-6,68,68,-6,6,3,3,3,2,293
4.16,-6,-2,0,9,9,0,-49,6,-12,0,3,3,3,2,293
4.16,-6,-2,0,9,5,1,-51,284,-13,0,3,3,3,2,293
4.16,-6,-2,0,9,7,9,-40,230,-13,-1,2,3,3,2,293
4.16,-6,-2,0,9,10,10,-47,92,-15,-2,2,3,3,2,293
4.16,-7,-2,0,9,-6,-2,23,180,-11,-2,2,3,3,2,293
4.16,-7,-1,0,9,-5,4,53,85,-6,-3,3,3,3,2,293
4.16,-7,-2,0,9,-44,-2,186,37,-1,-2,3,3,3,2,293
4.16,-7,-2,0,10,-23,30,78,253,-8,-3,2,3,3,2,293
4.16,-7,-2,0,8,0,3,-35,164,-8,0,3,3,3,2,293
4.16,-8,-1,0,9,11,9,-27,303,-12,-4,3,3,3,2,294
4.16,-8,-2,0,9,13,-2,-38,216,-11,2,2,3,3,2,294
4.16,-8,-2,0,9,13,-6,-124,227,-5,10,1,3,3,2,294
4.16,-8,-2,0,8,21,-1,-111,355,-21,0,3,3,3,2,294
4.16,-8,-2,0,9,1,9,-25,96,-12,0,0,3,3,2,294
4.16,-8,-1,0,9,9,2,-33,232,-16,0,1,3,3,2,294
4.16,-8,-2,0,9,-6,12,71,175,-12,0,0,3,3,2,294
4.16,-9,-1,0,9,8,8,-12,2,-13,-4,2,3,3,2,294
4.16,-9,-2,0,9,5,-2,-23,108,-11,-4,1,3,3,2,294
4.16,-9,-2,0,9,0,-5,-27,235,-11,0,1,3,3,2,294
4.16,-9,-2,0,9,9,2,-51,191,-13,-2,1,3,3,2,294
4.16,-9,-1,0,9,11,0,-38,46,-15,0,2,3,3,2,294
4.16,-9,-2,0,9,6,3,-34,189,-15,-4,1,3,3,2,295
4.16,-9,-2,0,9,-2,2,30,321,-18,-4,3,3,3,2,295
4.16,-9,-2,0,9,0,0,16,293,-13,-1,3,3,3,2,295
4.16,-10,-2,0,9,7,-6,-54,61,-12,0,3,3,3,2,295
4.16,-10,-2,0,9,9,2,-11,228,-12,-1,2,3,3,2,295
4.16,-10,-2,0,8,5,-1,-30,195,-13,-1,3,3,3,2,295
4.16,-10,-2,0,9,0,-2,-5,322,-10,-3,1,3,3,2,295
4.16,-11,-2,0,9,0,0,-1,11,-12,0,3,3,3,2,295
4.16,-11,-2,0,8,9,-9,-43,243,-10,-1,3,3,3,2,295
4.16,-10,-2,0,9,9,5,-24,57,-16,-2,3,3,3,2,295
4.16,-11,-2,0,9,2,4,14,89,-13,-4,1,3,3,2,295
4.16,-11,-2,0,9,12,-4,-64,123,-10,-2,1,3,3,2,296
4.16,-11,-2,0,9,10,1,-80,282,-14,0,0,3,3,2,296
4.16,-11,-2,1,9,20,1,-136,50,-9,5,2,3,3,2,296
4.16,-12,-2,0,8,2,7,-23,279,-14,0,2,3,3,2,296
4.16,-12,-2,0,9,0,10,16,260,-11,-3,3,3,3,2,296
4.16,-12,-2,0,9,9,6,-59,265,-14,-1,3,3,3,2,296
4.16,-12,-2,0,9,21,4,-83,83,-18,-3,3,3,3,2,296
4.16,-13,-2,0,9,9,-2,-17,0,-13,-2,2,3,3,2,296
4.16,-13,-2,0,9,-39,-5,102,99,-11,4,0,3,3,2,296
4.16,-13,-1,0,9,-12,-5,60,97,-6,-4,3,3,3,2,296
4.16,-13,-2,0,9,0,1,31,189,-11,-4,3,3,3,2,296
4.16,-13,-1,0,8,-20,-1,89,354,-14,-7,3,3,3,2,296
4.16,-13,-2,0,9,17,0,-62,157,-12,0,0,3,3,2,297
4.16,-14,-2,0,9,17,-4,-87,128,-11,-2,3,3,3,2,297
4.16,-14,-2,0,9,17,-2,-64,100,-12,-4,2,3,3,2,297
4.16,-14,-1,0,8,20,-3,-110,160,-4,5,3,3,3,2,297
4.16,-14,-1,0,9,1,4,-20,50,-15,0,0,3,3,2,297
4.16,-14,-2,0,9,-2,10,-2,70,-14,0,3,3,3,2,297
4.16,-14,-1,0,8,-3,1,17,288,-12,0,1,3,3,2,297
4.16,-14,-2,1,9,9,1,-7,135,-17,-6,2,3,3,2,297
4.16,-15,-2,0,9,-1,1,6,223,-9,2,3,3,3,2,297
4.16,-15,-2,0,9,-19,11,74,150,-15,-3,2,3,3,2,297
4.16,-15,-2,0,9,-8,0,43,189,-11,-1,2,3,3,2,297
4.16,-15,-2,0,10,0,-1,-12,141,-10,-4,3,3,3,2,297
4.16,-16,-1,0,9,3,15,-4,231,-16,-3,3,3,3,2,298
4.16,-16,-1,0,8,14,-1,-55,239,-8,-1,3,3,3,2,298
4.16,-16,-2,0,10,-15,3,103,344,-13,-12,1,3,3,2,298
4.16,-16,-2,0,9,-31,1,133,210,-16,-3,3,3,3,2,298
4.16,-16,-1,0,9,-6,5,41,77,-13,-4,2,3,3,2,298
4.16,-16,-1,0,9,12,0,-23,55,-12,-5,1,3,3,2,298
4.16,-16,-2,0,9,12,0,-58,42,-11,-3,3,3,3,2,298
4.16,-17,-2,0,9,3,-4,-30,274,-11,-1,2,3,3,2,298
4.16,-17,-2,0,9,26,0,-90,177,-17,3,2,3,3,2,298
4.16,-17,-2,0,9,0,-1,-70,184,-8,2,0,3,3,2,298
4.16,-18,-2,0,8,-5,2,-8,81,-12,-2,2,3,3,2,298
4.16,-18,-2,0,9,-25,-2,30,91,-11,-1,1,3,3,2,298
4.16,-18,-1,0,9,-9,3,37,70,-12,-5,3,3,3,2,299
4.16,-18,-2,0,9,-25,1,40,238,-9,0,2,3,3,2,299
4.16,-18,-1,1,9,-7,2,22,302,-20,-4,3,3,3,2,299
4.16,-18,-1,0,9,1,-2,-13,314,-11,-1,3,3,3,2,299
4.16,-18,-2,0,9,0,3,-20,24,-12,0,2,3,3,2,299
4.16,-19,-2,0,9,9,6,-76,335,-12,0,3,3,3,2,299
4.16,-19,-2,0,9,10,-6,-11,338,-11,-6,1,3,3,2,299
4.16,-19,-2,0,9,-7,1,43,87,-12,-3,3,3,3,2,299
4.16,-20,-2,0,9,26,-7,-70,175,-11,-2,2,3,3,2,299
4.16,-20,-2,0,9,11,-8,-88,217,-3,5,3,3,3,2,299
4.16,-20,-2,0,9,11,4,-71,106,-15,4,3,3,3,2,299
4.16,-20,-2,0,9,3,3,-31,76,-9,-1,1,3,3,2,299
4.16,-20,-1,0,9,-8,7,-15,295,-15,0,3,3,3,2,300
4.16,-20,-2,0,9,-11,2,21,293,-13,-1,1,3,3,2,300
4.16,-20,-2,0,9,-18,0,95,346,-10,-4,2,3,3,2,300
4.16,-20,-2,0,8,-27,14,141,180,-3,4,3,3,3,2,300
4.16,-20,-2,0,10,-15,3,132,278,-2,-6,0,3,3,2,300
4.16,-20,-2,0,9,-7,11,58,317,-15,0,0,3,3,2,300
4.16,-20,-1,0,9,13,10,-72,169,-20,-2,2,3,3,2,300
4.16,-21,-2,0,8,3,-9,-57,285,-11,-1,1,3,3,2,300
4.16,-21,-2,0,9,16,-7,-84,276,-9,-6,3,3,3,2,300
4.16,-21,-2,0,9,16,-11,-62,253,-9,-2,0,3,3,2,300
4.16,-21,-2,0,8,-4,5,-8,337,-12,-1,2,3,3,2,300
4.16,-21,-1,0,10,-3,8,23,266,-16,-3,3,3,3,2,300
4.16,-21,-2,0,9,2,-2,7,131,-11,-6,3,3,3,2,301
4.16,-22,-2,0,9,-5,-6,-11,194,-11,0,0,3,3,2,301
4.16,-21,-2,0,9,-9,-9,12,203,-9,0,3,3,3,2,301
4.16,-21,-2,0,9,-26,4,101,134,-9,-1,3,3,3,2,301
4.16,-21,-2,0,9,-23,-1,117,327,-5,7,1,3,3,2,301
4.16,-21,-1,0,9,-22,1,65,286,-12,0,0,3,3,2,301
4.16,-22,-2,0,8,-21,-4,87,356,-8,-3,2,3,3,2,301
4.16,-22,-2,0,9,9,0,-29,314,-10,-4,3,3,3,2,301
4.16,-22,-2,0,9,6,-3,-42,168,-13,5,3,3,3,2,301
4.16,-22,-1,0,9,13,0,-67,42,-14,4,3,3,3,2,301
4.16,-22,-2,0,8,10,-7,-56,54,-8,0,0,3,3,2,301
4.16,-22,-2,0,9,8,6,-51,349,-16,-1,3,3,3,2,301
4.16,-22,-2,0,10,-8,-3,5,102,-9,-2,3,3,3,2,302
4.16,-22,-2,0,9,0,0,67,279,-8,-5,0,3,3,2,302
4.16,-22,-2,0,9,-19,1,112,120,-12,0,3,3,3,2,302
4.16,-22,-2,1,8,-30,-4,133,265,-1,3,3,3,3,2,302
4.16,-22,-2,0,9,-12,8,39,127,-14,-6,2,3,3,2,302
4.16,-23,-1,0,9,3,6,-7,64,-12,-2,2,3,3,2,302
4.16,-23,-2,0,9,17,3,-58,78,-12,-4,3,3,3,2,302
4.16,-23,-1,0,9,1,-7,-10,32,-9,-1,3,3,3,2,302
4.16,-23,-1,0,8,-13,3,91,123,-8,-1,3,3,3,2,302
4.16,-23,-2,0,9,-14,-2,47,82,-10,-1,0,3,3,2,302
4.16,-23,-2,0,9,-10,-3,55,202,-9,-4,2,3,3,2,302
4.16,-22,-2,0,9,-16,1,97,212,-9,-6,2,3,3,2,302
4.16,-23,-2,0,9,-1,-1,26,249,-9,-4,3,3,3,2,303
4.16,-23,-1,0,9,-1,6,-10,36,-16,-1,0,3,3,2,303
4.16,-23,-2,0,9,21,5,-103,350,-15,-6,2,3,3,2,303
4.16,-23,-2,0,8,0,0,-37,34,-10,0,3,3,3,2,303
4.16,-23,-2,0,9,16,10,-44,195,-17,7,2,3,3,2,303
4.16,-23,-2,0,9,6,4,-9,152,-11,-4,0,3,3,2,303
4.16,-23,-2,0,9,2,-6,-17,111,-10,-1,0,3,3,2,303
4.16,-23,-1,0,9,5,3,-60,71,-14,2,3,3,3,2,303
4.16,-23,-2,0,9,-2,-9,15,264,-10,-5,3,3,3,2,303
4.16,-24,-2,0,9,-16,16,84,231,-11,0,0,3,3,2,303
4.16,-24,-2,0,9,-19,0,45,293,-9,0,2,3,3,2,303
4.16,-24,-2,0,9,14,7,1,146,-13,-2,0,3,3,2,303
4.16,-24,-2,0,9,-13,2,80,320,-15,-3,3,3,3,2,304
4.16,-24,-2,0,9,-16,5,85,274,-9,0,3,3,3,2,304
4.16,-24,-1,0,8,-9,4,19,338,-10,-4,0,3,3,2,304
4.16,-24,-2,0,9,13,15,-72,107,-18,-3,2,3,3,2,304
4.16,-24,-2,0,9,22,-9,-126,253,0,0,2,3,3,2,304
4.16,-24,-1,0,9,10,0,-28,93,-12,-3,0,3,3,2,304
4.16,-24,-2,0,9,17,-6,-100,138,-9,8,2,3,3,2,304
4.16,-24,-2,0,9,4,-8,-50,200,-10,0,3,3,3,2,304
4.16,-24,-2,0,8,7,3,-43,6,-13,-3,2,3,3,2,304
4.16,-25,-2,0,8,16,4,-90,96,-13,-2,2,3,3,2,304
4.16,-25,-2,0,9,-15,-1,71,204,-16,-5,3,3,3,2,304
4.15,-24,-1,0,9,-2,-6,7,3,-15,-4,1,3,3,2,304
4.16,-24,-1,0,9,-7,-2,35,354,-12,-4,0,3,3,2,305
4.16,-25,-2,0,9,-6,-6,3,113,-12,0,0,3,3,2,305
4.15,-25,-1,0,9,4,-6,-53,140,-10,-3,1,3,3,2,305
4.16,-25,-2,0,8,18,-11,-109,58,-1,-7,3,3,3,2,305
4.15,-25,-2,0,9,21,-10,-89,352,-9,-3,1,3,3,2,305
4.15,-25,-2,0,9,-23,-1,78,268,-9,-4,1,3,3,2,305
4.16,-25,-2,0,9,-29,5,131,41,-12,3,2,3,3,2,305
4.15,-25,-2,0,9,-1,-6,-25,159,-8,0,1,3,3,2,305
4.15,-25,-2,0,9,21,1,-76,332,-16,3,3,3,3,2,305
4.16,-25,-2,0,9,-12,-15,3,68,-7,-1,2,3,3,2,305
4.15,-25,-2,0,8,15,-3,-72,340,-9,-3,2,3,3,2,305
4.15,-25,-2,0,9,2,-7,-46,199,-12,0,3,3,3,2,305
4.15,-25,-2,0,8,11,4,-79,220,-14,0,3,3,3,2,306
4.15,-25,-2,0,9,-15,6,56,261,-10,-3,3,3,3,2,306
4.15,-25,-2,0,9,-17,8,112,302,-13,-7,1,3,3,2,306
4.15,-25,-2,0,9,-19,-10,88,108,-12,-2,3,3,3,2,306
4.15,-25,-2,0,9,-11,-9,59,54,-8,-5,3,3,3,2,306
4.15,-25,-2,0,9,0,-1,24,57,-11,-2,2,3,3,2,306
4.15,-25,-2,0,9,-4,0,34,264,-10,-4,2,3,3,2,306
4.15,-25,-2,0,9,8,1,-17,345,-13,-5,2,3,3,2,306
4.15,-25,-1,0,9,12,-2,-46,194,-14,-4,3,3,3,2,306
4.15,-25,-2,0,9,17,-1,-71,126,-13,-3,3,3,3,2,306
4.15,-25,-2,0,9,12,2,-55,49,-15,-1,3,3,3,2,306
4.15,-25,-2,0,8,11,-3,-53,288,-10,-4,3,3,3,2,306
4.15,-25,-1,0,9,-4,3,-7,109,-14,-1,2,3,3,2,307
4.15,-25,-2,0,9,7,2,-31,15,-13,-2,0,3,3,2,307
4.15,-25,-2,0,10,15,9,-116,278,-18,3,1,3,3,2,307
4.15,-25,-2,1,10,7,10,-115,320,-14,15,3,3,3,2,307
4.15,-25,-2,0,9,11,-11,-40,229,-10,0,3,3,3,2,307
4.15,-25,-2,0,8,4,1,-76,127,-14,4,0,3,3,2,307
4.15,-25,-1,0,10,-6,1,20,111,-16,0,3,3,3,2,307
4.15,-25,-1,0,9,0,27,28,73,-17,-6,3,3,3,2,307
4.15,-25,-2,0,9,-1,0,43,18,-10,-4,0,3,3,2,307
4.14,-25,-2,0,8,-12,-4,103,88,-8,-8,0,3,3,2,307
4.15,-25,-2,0,9,-2,-9,35,217,-9,-4,3,3,3,2,307
4.15,-25,-2,0,9,-13,-14,104,243,1,4,2,3,3,2,307
4.14,-26,-2,0,9,-6,2,95,319,-7,-9,0,3,3,2,308
4.15,-26,-2,0,9,6,-5,7,304,-7,1,1,3,3,2,308
4.14,-26,-1,0,10,-4,19,84,183,-20,-11,3,3,3,2,308
4.14,-26,-1,0,9,-20,6,-13,343,-14,1,3,3,3,2,308
4.14,-26,-2,0,9,-6,-1,9,147,-11,0,1,3,3,2,308
4.14,-26,-2,0,8,14,-10,-89,246,-5,0,1,3,3,2,308
4.14,-26,-2,0,9,23,-3,-45,339,-12,-7,3,3,3,2,308
4.14,-26,-1,0,9,-7,0,-10,81,-11,-2,1,3,3,2,308
4.14,-26,-2,0,8,3,2,-51,329,-13,0,3,3,3,2,308
4.14,-27,-1,0,8,-9,7,-38,253,-15,-2,1,3,3,2,308
4.14,-27,-2,0,9,16,8,-23,306,-12,-6,2,3,3,2,308
4.14,-27,-2,0,9,-9,9,100,76,-16,-1,3,3,3,2,309
4.14,-26,-2,0,8,-13,3,80,80,-8,-4,2,3,3,2,309
4.14,-27,-2,0,9,-18,-3,99,51,-8,0,1,3,3,2,309
4.14,-27,-2,0,9,3,-2,12,226,-10,-5,3,3,3,2,309
4.14,-26,-1,0,9,-2,3,-33,126,-13,0,0,3,3,2,309
4.14,-26,-2,0,9,26,0,-95,355,-17,-2,1,3,3,2,309
4.14,-26,-2,0,9,15,-4,-69,85,-9,-2,1,3,3,2,309
4.14,-27,-1,0,8,-6,3,4,262,-15,-1,0,3,3,2,309
4.14,-27,-1,0,8,-3,-5,-8,325,-10,-1,2,3,3,2,309
4.14,-27,-2,0,9,-1,3,33,12,-14,-5,3,3,3,2,309
4.14,-27,-2,0,9,-22,8,93,4,-8,0,2,3,3,2,309
4.14,-26,-2,0,9,-6,1,26,343,-13,-2,3,3,3,2,309
4.14,-26,-2,0,9,9,7,-16,319,-14,-2,1,3,3,2,310
4.14,-26,-2,0,9,20,-5,-69,63,-11,-6,3,3,3,2,310
4.14,-26,-2,0,9,22,-5,-67,332,-11,-3,3,3,3,2,310
4.14,-26,-1,0,9,23,-2,-56,287,-15,-4,2,3,3,2,310
4.14,-26,-1,0,9,24,0,-62,233,-13,-7,2,3,3,2,310
4.14,-26,-1,0,9,-2,-6,-17,96,-13,-1,2,3,3,2,310
4.14,-26,-2,0,9,-2,4,13,141,-14,-4,0,3,3,2,310
4.14,-26,-1,0,9,-8,5,-38,186,-14,1,0,3,3,2,310
4.14,-26,-2,0,9,17,-8,-90,233,6,-8,0,3,3,2,310
4.14,-26,-2,0,9,1,4,-34,58,-15,0,3,3,3,2,310
4.14,-26,-1,0,9,4,-2,-7,196,-13,-4,1,3,3,2,310
4.14,-26,-2,0,9,-23,0,120,25,-10,-12,3,3,3,2,310
4.14,-26,-2,0,9,-24,1,144,144,-17,-1,3,3,3,2,311
4.14,-26,-2,0,9,-30,8,125,242,-2,2,2,3,3,2,311
4.14,-26,-2,0,9,-17,12,63,114,-14,0,3,3,3,2,311
4.14,-26,-2,0,9,8,4,-64,120,-13,0,3,3,3,2,311
4.14,-26,-2,0,9,30,7,-153,319,-18,5,2,3,3,2,311
4.14,-26,-2,0,8,-16,-7,37,22,-8,-2,0,3,3,2,311
4.14,-26,-2,0,9,12,5,-103,166,-20,9,0,3,3,2,311
4.14,-26,-2,0,9,0,-4,-54,228,-11,0,0,3,3,2,311
4.14,-26,-2,0,10,15,1,-80,60,-15,3,3,3,3,2,311
4.14,-26,-2,0,9,0,-7,-22,296,-10,-1,3,3,3,2,311
4.14,-26,-1,0,8,0,3,28,309,-14,-4,3,3,3,2,311
4.14,-26,-2,0,9,1,-8,16,199,-8,-3,3,3,3,2,311
4.14,-26,-2,0,8,-9,10,92,358,-11,-8,2,3,3,2,312
4.14,-26,-2,0,9,-24,7,114,102,3,-5,3,3,3,2,312
4.14,-26,-2,0,9,-11,3,87,99,-10,-4,0,3,3,2,312
4.14,-26,-2,0,9,0,-6,65,155,-9,-7,3,3,3,2,312
4.13,-26,-1,0,8,-5,-1,74,264,-9,-7,3,3,3,2,312
4.13,-26,-1,0,8,-2,0,25,254,-9,-2,1,3,3,2,312
4.13,-26,-2,0,9,-3,10,7,92,-15,-1,3,3,3,2,312
4.13,-26,-1,0,9,-8,-2,24,328,-11,0,3,3,3,2,312
4.13,-26,-2,0,9,-5,-3,-50,331,-12,2,3,3,3,2,312
4.13,-26,-2,0,9,2,-9,-2,102,-11,-3,0,3,3,2,312
4.13,-26,-2,0,9,-30,11,143,326,-15,-9,3,3,3,2,312
4.13,-26,-2,0,9,-17,-9,25,199,-9,0,2,3,3,2,312
4.13,-26,-2,0,9,-10,10,43,114,-15,-5,2,3,3,2,313
4.13,-26,-2,0,9,-13,-4,73,18,-10,-1,3,3,3,2,313
4.13,-26,-2,0,9,-8,6,53,175,-12,-6,2,3,3,2,313
4.13,-26,-2,0,9,-9,-1,74,189,-7,-4,3,3,3,2,313
4.13,-26,-2,0,9,-2,7,36,335,-12,-6,1,3,3,2,313
4.13,-26,-2,0,9,-1,-7,79,339,-6,-7,0,3,3,2,313
4.13,-25,-2,0,9,-6,11,60,75,-11,-6,0,3,3,2,313
4.13,-25,-1,0,8,-7,-7,35,75,-10,-4,0,3,3,2,313
4.13,-25,-2,0,9,0,1,-29,344,-13,0,3,3,3,2,313
4.13,-26,-2,0,9,9,1,-39,224,-10,-5,3,3,3,2,313
4.13,-26,-1,0,8,4,0,6,232,-9,-3,1,3,3,2,313
4.13,-26,-2,0,10,-8,0,-46,180,-12,3,0,3,3,2,313
4.13,-26,-1,0,8,1,-2,-34,150,-11,-5,1,3,3,2,314
4.13,-26,-2,0,9,-11,-21,84,51,-4,-4,3,3,3,2,314
4.13,-26,-2,0,8,-18,10,99,222,-3,0,1,3,3,3,314
4.13,-26,-2,0,11,0,7,-156,155,-16,20,0,3,3,3,314
4.13,-26,-1,0,9,-11,-8,-13,187,-14,-2,0,3,3,3,314
4.13,-26,-2,1,9,1,-7,-96,357,-8,6,3,3,3,3,314
4.13,-26,-2,0,9,-12,1,103,202,-5,4,2,3,3,3,314
4.13,-26,-2,0,8,-30,6,175,358,-12,-10,0,3,3,3,314
4.13,-26,-2,0,9,-19,2,58,147,-13,0,3,3,3,3,314
4.13,-26,-2,0,9,1,2,3,71,-12,-4,2,3,3,3,314
4.13,-26,-2,0,8,9,0,-30,295,-14,-3,2,3,3,2,314
4.13,-26,-2,0,9,7,-1,-66,348,-9,0,1,3,3,2,314
4.13,-27,-2,0,9,5,-4,-40,287,-13,0,3,3,3,2,315
4.13,-27,-1,0,8,15,0,-44,167,-13,-2,1,3,3,2,315
4.13,-26,-2,0,9,1,3,-25,129,-14,0,0,3,3,2,315
4.13,-27,-2,0,9,15,5,-115,109,-7,6,3,3,3,2,315
4.13,-27,-1,0,8,-3,4,-8,338,-15,0,3,3,3,2,315
4.13,-26,-2,0,9,0,-3,-63,38,-12,2,2,3,3,2,315
4.13,-27,-2,0,9,10,-3,-24,143,-11,-2,3,3,3,2,315
4.12,-27,-2,0,9,12,3,-77,127,-18,-1,2,3,3,2,315
4.12,-27,-2,0,9,3,10,-49,80,-16,-1,1,3,3,2,315
4.12,-27,-2,0,9,-6,-11,0,279,-9,-1,1,3,3,2,315
4.12,-27,-2,0,9,-16,2,70,136,-8,-4,3,3,3,2,315
4.12,-27,-2,0,8,-22,-4,91,7,-8,0,0,3,3,2,315
4.12,-27,-1,0,8,-5,5,41,238,-13,-6,2,3,3,2,316
4.12,-27,-1,0,8,-8,6,15,349,-14,-4,1,3,3,2,316
4.12,-27,-1,0,8,-2,8,31,16,-14,-6,2,3,3,2,316
4.12,-27,-2,0,10,-4,0,-15,182,-13,0,2,3,3,2,316
4.12,-27,-2,0,9,-6,0,2,151,-10,-1,3,3,3,2,316
4.12,-27,-2,0,9,-14,0,61,249,-13,-2,2,3,3,2,316
4.12,-27,-2,0,9,-18,10,98,258,-16,-4,3,3,3,2,316
4.12,-27,-1,0,8,8,0,-34,65,-13,-1,0,3,3,2,316
4.12,-27,-2,0,9,9,4,-56,95,-15,0,0,3,3,2,316
4.12,-27,-2,0,9,4,-15,-2,275,-9,-4,0,3,3,2,316
4.12,-27,-2,0,10,7,-1,-88,333,-16,6,1,3,3,2,316
4.12,-27,-2,0,9,-7,-9,-20,334,-9,0,3,3,3,2,316
4.12,-27,-2,0,9,-14,4,97,315,-12,-10,2,3,3,2,317
4.12,-27,-2,0,9,-42,3,159,93,-11,3,0,3,3,2,317
4.12,-27,-1,0,8,-12,8,61,10,-11,-3,0,3,3,2,317
4.12,-27,-2,0,8,-13,-4,80,351,-5,-3,3,3,3,2,317
4.11,-27,-2,0,9,-19,-6,70,295,-9,0,3,3,3,2,317
4.11,-27,-2,0,9,-16,-2,35,260,-8,-2,0,3,3,2,317
4.12,-27,-2,0,9,12,-3,-81,220,-11,-3,3,3,3,2,317
4.11,-27,-2,0,9,11,1,-48,43,-14,-5,3,3,3,2,317
4.11,-27,-2,0,9,11,2,-44,260,-15,-4,3,3,3,2,317
4.11,-27,-1,0,9,12,-2,-38,336,-12,-6,2,3,3,2,317
4.11,-27,-1,0,9,2,0,-16,65,-13,-3,2,3,3,2,317
4.11,-27,-1,0,9,-1,4,9,116,-12,-2,3,3,3,2,317
4.11,-27,-2,0,9,-4,0,20,335,-11,-1,2,3,3,2,318
4.11,-27,-1,0,9,-3,6,39,340,-15,-4,1,3,3,2,318
4.11,-27,-1,0,8,-9,0,15,38,-12,-2,2,3,3,2,318
4.11,-27,-2,0,9,0,-3,4,330,-9,-5,2,3,3,2,318
4.11,-27,-2,0,9,-11,-8,22,208,-8,-2,3,3,3,2,318
4.11,-27,-2,0,9,-7,1,22,272,-11,-1,1,3,3,2,318
4.11,-27,-1,0,8,2,-4,-7,356,-11,-1,1,3,3,2,318
4.11,-27,-1,0,9,-8,7,1,292,-13,0,2,3,3,2,318
4.11,-27,-2,0,9,-2,-8,32,26,-10,-6,0,3,3,2,318
4.11,-27,-2,0,9,10,-1,-33,266,-11,-6,3,3,3,2,318
4.11,-27,-2,0,9,-12,9,76,36,-14,-7,3,3,3,2,318
4.11,-27,-2,0,9,-3,0,34,99,-13,-3,3,3,3,2,318
4.11,-27,-1,0,8,-4,-2,12,339,-10,-3,1,3,3,2,319
4.11,-27,-2,0,9,-15,0,59,181,-11,-1,2,3,3,2,319
4.11,-27,-2,0,9,-9,1,50,83,-9,-4,2,3,3,2,319
4.11,-27,-1,0,9,-6,-2,24,11,-13,-4,3,3,3,2,319
4.11,-27,-1,0,9,1,4,-17,64,-15,-2,0,3,3,2,319
4.11,-26,-2,0,9,1,0,-63,161,-13,0,0,3,3,2,319
4.11,-27,-2,0,9,-14,3,-9,274,-12,0,3,3,3,2,319
4.11,-27,-1,0,8,2,0,-12,354,-14,-3,2,3,3,2,319
4.11,-26,-2,0,9,-36,11,149,31,-19,0,3,3,3,2,319
4.11,-27,-2,0,9,-15,-4,61,170,-12,-2,3,3,3,2,319
4.11,-27,-2,0,9,-11,-1,83,317,-9,-6,0,3,3,2,319
4.11,-27,-2,0,9,-9,-2,60,32,-8,-4,3,3,3,2,319
4.11,-27,-2,0,9,0,1,0,294,-12,-2,3,3,3,2,320
4.11,-26,-2,0,9,2,3,-25,91,-15,-3,2,3,3,2,320
4.11,-26,-2,0,9,20,-5,-67,322,-12,-3,3,3,3,2,320
4.11,-27,-2,0,9,6,2,-60,19,-12,1,2,3,3,2,320
4.10,-27,-2,0,9,16,5,-68,284,-15,-1,2,3,3,2,320
4.10,-27,-2,0,8,4,0,-76,245,-12,0,1,3,3,2,320
4.10,-27,-2,0,10,19,10,-66,76,-17,-6,2,3,3,2,320
4.10,-27,-1,0,9,-2,10,4,64,-14,-2,2,3,3,2,320
4.10,-27,-2,0,9,-20,-1,55,23,-9,0,3,3,3,2,320
4.10,-26,-2,0,9,0,3,49,189,-13,-4,2,3,3,2,320
4.10,-27,-2,0,9,8,2,11,52,-12,-7,3,3,3,2,320
4.10,-26,-2,0,8,-8,-3,45,193,-9,-2,0,3,3,2,321
4.10,-26,-2,0,9,5,-2,9,264,-12,-4,2,3,3,2,321
4.10,-26,-2,0,9,3,-11,-37,86,-10,0,3,3,3,2,321
4.10,-26,-1,0,8,2,1,-52,29,-13,0,3,3,3,2,321
4.10,-26,-2,0,9,6,2,11,175,-12,-4,2,3,3,2,321
4.10,-26,-2,0,9,4,8,-7,9,-14,-4,3,3,3,2,321
4.10,-26,-2,0,9,9,-6,-23,53,-11,-6,3,3,3,2,321
4.10,-26,-1,0,8,9,5,-1,61,-15,-5,3,3,3,2,321
4.10,-26,-2,0,9,21,-8,-56,349,-12,-5,2,3,3,2,321
4.10,-26,-1,0,8,16,-9,-73,153,-9,-3,2,3,3,2,321
4.10,-27,-2,0,9,5,-9,-76,76,-8,0,2,3,3,2,321
4.09,-26,-2,0,10,18,-11,-88,101,-9,-4,3,3,3,2,321
4.09,-27,-2,0,9,14,15,-84,139,-18,-1,3,3,3,2,322
4.09,-26,-2,0,9,17,-6,-73,111,-15,-2,0,3,3,2,322
4.09,-27,-2,0,9,4,3,-36,186,-12,-1,1,3,3,2,322
4.09,-26,-2,0,9,9,-12,-32,233,-8,-3,3,3,3,2,322
4.09,-27,-2,0,9,-34,14,163,355,-7,4,0,3,3,2,322
4.09,-26,-2,0,8,-22,0,106,119,-9,-12,3,3,3,2,322
4.09,-27,-1,0,8,0,16,7,191,-17,-3,2,3,3,2,322
4.09,-26,-2,0,10,1,-8,-18,293,-12,-3,3,3,3,2,322
4.09,-27,-2,0,9,9,5,-72,153,-14,0,0,3,3,2,322
4.09,-26,-2,0,9,30,-2,-90,302,-15,-9,2,3,3,2,322
4.09,-26,-2,0,9,26,7,-102,304,-15,0,1,3,3,2,322
4.09,-26,-2,0,8,3,3,-44,9,-12,0,2,3,3,2,322
4.09,-26,-2,0,9,14,-2,-59,206,-15,0,1,3,3,2,323
4.09,-27,-2,0,9,8,2,-62,213,-12,1,2,3,3,2,323
4.09,-26,-2,0,8,8,-6,-10,328,-10,-4,3,3,3,2,323
4.09,-26,-2,0,9,-6,6,37,330,-14,-2,2,3,3,2,323
4.09,-26,-2,0,9,5,10,-38,317,-17,-2,2,3,3,2,323
4.09,-26,-2,0,9,11,6,-58,257,-13,0,2,3,3,2,323
4.09,-26,-1,0,8,1,-12,-28,303,-8,-1,1,3,3,2,323
4.09,-26,-2,0,9,11,-8,-45,299,-8,-6,3,3,3,2,323
4.09,-26,-1,0,8,4,-5,-18,300,-12,-5,2,3,3,2,323
4.09,-26,-2,0,10,3,-7,-27,184,-9,0,0,3,3,2,323
4.09,-26,-2,0,9,-8,2,-1,148,-11,0,1,3,3,2,323
4.09,-26,-1,0,9,6,-1,21,214,-13,-7,2,3,3,2,323
4.09,-26,-1,0,9,0,6,2,265,-14,-1,2,3,3,2,324
4.09,-26,-2,0,9,17,6,-85,240,-15,0,3,3,3,2,324
4.09,-26,-2,0,9,3,-4,-50,208,-10,0,3,3,3,2,324
4.09,-26,-2,0,9,6,-4,-18,12,-10,-5,3,3,3,2,324
4.09,-26,-1,0,8,2,-5,11,289,-12,-3,2,3,3,2,324
4.09,-26,-1,0,8,-5,-4,9,292,-11,-4,2,3,3,2,324
4.08,-27,-2,0,9,-2,5,4,187,-11,-2,2,3,3,2,324
4.08,-27,-2,0,9,-7,9,-7,94,-14,0,0,3,3,2,324
4.08,-27,-2,0,9,-1,-15,-27,177,-8,-2,0,3,3,2,324
4.08,-27,-2,0,9,-21,-2,121,64,-2,-9,3,3,3,2,324
4.08,-26,-2,0,9,-19,7,51,74,-12,-2,0,3,3,2,324
4.08,-26,-2,0,9,-17,12,46,171,-15,0,0,3,3,2,324
4.08,-26,-1,0,9,-16,-2,40,282,-10,0,0,3,3,2,325
4.08,-26,-1,0,8,2,3,2,278,-13,-2,1,3,3,2,325
4.08,-26,-2,0,9,4,2,-47,300,-13,0,2,3,3,2,325
4.08,-26,-2,0,9,-2,2,-40,97,-14,-1,1,3,3,2,325
4.08,-26,-2,0,9,-20,8,89,186,-15,-3,2,3,3,2,325
4.08,-26,-1,0,8,-5,-3,15,6,-11,-1,3,3,3,2,325
4.08,-26,-1,0,8,-6,-3,37,195,-9,-4,3,3,3,2,325
4.08,-26,-2,0,9,-15,4,58,286,-12,0,1,3,3,2,325
4.08,-26,-2,0,9,8,3,-29,158,-15,-3,3,3,3,2,325
4.08,-26,-2,0,9,-2,0,1,214,-13,-3,3,3,3,2,325
4.07,-26,-1,0,9,9,1,-15,299,-12,-3,2,3,3,2,325
4.08,-26,-1,0,8,8,-3,-22,341,-12,-5,3,3,3,2,325
4.08,-26,-2,0,9,3,-3,-21,19,-10,-2,2,3,3,2,326
4.07,-26,-2,0,9,-10,6,47,229,-11,-4,3,3,3,2,326
4.07,-26,-2,0,9,8,-4,-8,97,-11,-6,3,3,3,2,326
4.07,-26,-2,0,9,-6,0,44,319,-10,-5,0,3,3,2,326
4.07,-26,-2,0,8,-6,-1,48,10,-11,-4,1,3,3,2,326
4.07,-26,-1,0,8,1,-3,0,321,-11,-5,3,3,3,2,326
4.07,-26,-2,0,9,-2,-2,13,315,-12,-4,3,3,3,2,326
4.07,-26,-2,0,9,10,0,-50,110,-11,-3,0,3,3,2,326
4.07,-26,-2,0,9,19,2,-51,341,-15,-5,1,3,3,2,326
4.07,-26,-2,0,8,17,2,-67,291,-14,-1,2,3,3,2,326
4.07,-26,-2,0,9,10,0,-52,333,-12,-1,0,3,3,2,326
4.07,-26,-2,0,9,14,3,-57,158,-16,-2,1,3,3,2,326
4.07,-26,-2,0,9,-3,-12,2,341,-7,-1,3,3,3,2,327
4.07,-26,-2,0,8,-25,6,102,230,-9,2,3,3,3,2,327
4.07,-26,-2,0,10,-7,-14,23,311,-10,-2,0,3,3,2,327
4.07,-26,-2,0,9,-24,10,133,205,-11,-3,1,3,3,2,327
4.07,-26,-2,0,8,-24,1,94,88,-8,0,2,3,3,2,327
4.07,-26,-2,0,8,-17,5,81,290,-9,-6,3,3,3,2,327
4.07,-26,-2,0,9,-16,-6,97,270,-7,-2,1,3,3,2,327
4.07,-26,-2,0,9,-6,4,70,0,-11,-5,0,3,3,2,327
4.07,-26,-1,0,9,-7,-6,48,27,-8,-3,2,3,3,2,327
4.07,-26,-2,0,8,-3,-4,2,263,-11,-1,3,3,3,2,327
4.07,-26,-2,0,9,-6,0,29,256,-11,-3,3,3,3,2,327
4.07,-26,-2,0,9,-33,12,141,181,-18,-1,1,3,3,2,327
4.07,-26,-2,0,9,-20,0,83,4,-8,-1,2,3,3,2,328
4.07,-26,-2,0,9,-9,3,66,314,-11,-2,3,3,3,2,328
4.07,-26,-2,0,9,-4,0,35,70,-10,-5,3,3,3,2,328
4.07,-25,-2,0,9,-3,1,37,300,-10,-5,2,3,3,2,328
4.07,-25,-1,0,8,0,-2,0,169,-10,-3,2,3,3,2,328
4.07,-25,-2,0,9,-10,-2,30,154,-12,-2,3,3,3,2,328
4.07,-25,-2,0,9,4,-2,-19,176,-10,-3,0,3,3,2,328
4.07,-25,-2,0,9,2,9,0,209,-15,-2,2,3,3,2,328
4.07,-25,-2,0,8,9,-1,-60,271,-14,0,1,3,3,2,328
4.07,-25,-2,0,9,11,1,-81,124,-17,0,2,3,3,2,328
4.07,-25,-2,0,9,4,-4,-24,329,-9,-1,2,3,3,2,328
4.07,-25,-1,0,9,2,-6,20,318,-11,-3,3,3,3,2,328
4.07,-25,-2,0,9,-26,1,130,141,-2,-7,3,3,3,2,329
4.07,-25,-2,0,9,-20,18,100,300,-18,0,3,3,3,2,329
4.07,-25,-2,0,9,-21,-1,95,194,-7,0,3,3,3,2,329
4.07,-25,-2,0,9,2,0,20,322,-10,-6,2,3,3,2,329
4.07,-25,-1,0,8,2,2,-2,42,-12,-4,3,3,3,2,329
4.07,-25,-2,0,9,-18,0,58,219,-9,-3,2,3,3,2,329
4.07,-25,-2,0,9,-10,-2,76,140,-9,-6,3,3,3,2,329
4.07,-25,-2,0,9,-13,-2,28,164,-10,0,2,3,3,2,329
4.07,-25,-1,0,9,5,3,-23,252,-14,-1,2,3,3,2,329
4.06,-25,-1,0,8,0,-1,-18,347,-11,-2,2,3,3,2,329
4.07,-25,-2,0,9,3,-1,-21,48,-13,-1,0,3,3,2,329
4.07,-25,-2,0,9,15,-2,-57,238,-14,-4,3,3,3,2,329
4.06,-25,-2,0,9,0,-2,-12,90,-13,-1,2,3,3,2,330
4.06,-25,-2,0,8,9,-2,-42,277,-10,-4,1,3,3,2,330
4.07,-25,-2,0,9,3,8,-5,102,-15,-2,0,3,3,2,330
4.06,-25,-2,0,10,18,-2,-30,283,-12,-7,2,3,3,2,330
4.07,-25,-2,0,9,12,-2,-41,179,-12,-5,3,3,3,2,330
4.06,-25,-2,0,9,2,0,-55,115,-12,-1,2,3,3,2,330
4.06,-25,-1,0,8,8,6,-29,281,-14,-3,3,3,3,2,330
4.06,-25,-2,0,9,-4,5,59,55,-13,-6,3,3,3,2,330
4.06,-25,-2,0,9,-13,0,34,210,-10,0,0,3,3,2,330
4.06,-25,-2,0,9,-7,-6,33,89,-10,-5,3,3,3,2,330
4.06,-24,-2,0,8,-13,0,78,139,-9,-6,3,3,3,2,330
4.06,-25,-2,0,9,-17,6,62,38,-11,0,3,3,3,2,330
4.06,-25,-2,0,9,0,-6,30,133,-8,-4,3,3,3,2,331
4.06,-24,-1,0,9,-8,4,27,64,-13,-4,3,3,3,2,331
4.06,-24,-2,0,9,-9,3,23,152,-13,-1,1,3,3,2,331
4.06,-24,-1,0,8,-2,-3,-26,268,-13,0,0,3,3,2,331
4.06,-24,-1,0,8,-15,3,49,220,-14,0,2,3,3,2,331
4.06,-24,-2,0,9,-13,4,106,182,-15,-8,2,3,3,2,331
4.06,-24,-2,0,9,2,-9,-26,156,-11,-1,2,3,3,2,331
4.06,-24,-1,0,8,17,0,-60,241,-10,-2,3,3,3,2,331
4.06,-24,-2,0,9,-27,-6,141,270,-4,10,3,3,3,2,331
4.06,-24,-2,0,9,-21,-3,58,201,-9,0,0,3,3,2,331
4.06,-24,-2,0,9,-18,2,80,100,-11,-7,2,3,3,2,331
4.06,-24,-2,0,9,-4,-6,57,144,-8,-2,3,3,3,2,331
4.06,-24,-2,0,9,-15,11,72,213,-14,-2,1,3,3,2,332
4.06,-24,-2,0,8,-23,-2,98,130,-11,1,2,3,3,2,332
4.06,-24,-2,0,9,-9,0,38,114,-13,-2,3,3,3,2,332
4.06,-24,-2,0,9,2,0,20,27,-9,-5,3,3,3,2,332
4.06,-24,-2,0,9,-6,0,43,190,-9,-4,2,3,3,2,332
4.06,-24,-1,0,8,-6,4,3,3,-13,0,3,3,3,2,332
4.05,-24,-2,0,9,-1,1,-15,97,-12,-2,3,3,3,2,332
4.06,-24,-2,0,9,15,0,-40,299,-12,-5,2,3,3,2,332
4.05,-24,-2,0,9,10,3,-19,39,-15,-5,1,3,3,2,332
4.05,-24,-1,0,9,6,4,-12,115,-14,-4,3,3,3,2,332
4.06,-24,-2,0,8,-15,-3,91,85,-6,-3,2,3,3,2,332
4.05,-24,-2,0,9,11,-1,7,160,-10,-6,2,3,3,2,332
4.05,-23,-2,0,9,-15,0,101,176,-8,6,2,3,3,2,333
4.05,-23,-2,0,9,1,-5,30,336,-9,-7,0,3,3,2,333
4.05,-24,-2,0,9,8,9,-98,178,-3,-11,0,3,3,2,333
4.05,-23,-1,0,9,8,15,-50,277,-23,0,1,3,3,2,333
4.05,-23,-2,0,9,9,8,-27,248,-16,-2,2,3,3,2,333
4.05,-23,-2,0,8,33,-1,-144,152,-17,4,1,3,3,2,333
4.05,-23,-2,0,9,36,-4,-103,353,-18,-6,3,3,3,2,333
4.05,-23,-2,0,9,2,2,-59,144,-13,1,2,3,3,2,333
4.05,-23,-1,0,8,-7,-1,20,255,-12,-1,0,3,3,2,333
4.05,-23,-2,0,9,-21,1,63,195,-15,-3,3,3,3,2,333
4.05,-23,-1,0,8,-9,-6,26,354,-11,-1,0,3,3,2,333
4.05,-23,-2,0,9,-8,9,67,337,-15,-6,3,3,3,2,333
4.05,-23,-2,0,9,15,2,-56,272,-16,-5,1,3,3,2,334
4.05,-23,-2,0,9,17,-7,-108,47,1,0,2,3,3,2,334
4.05,-23,-2,0,9,12,3,-50,239,-15,-4,3,3,3,2,334
4.05,-23,-2,0,9,5,-1,-32,32,-14,-3,3,3,3,2,334
4.05,-23,-1,0,8,-19,2,40,103,-13,0,1,3,3,2,334
4.05,-23,-2,0,9,-6,5,11,32,-13,-3,3,3,3,2,334
4.05,-23,-2,0,9,17,-3,-61,257,-14,-5,2,3,3,2,334
4.05,-23,-2,0,8,12,2,-90,351,-13,0,3,3,3,2,334
4.05,-23,-2,0,9,-16,-1,67,103,-13,0,2,3,3,2,334
4.05,-23,-2,0,9,-26,13,102,48,-17,0,0,3,3,2,334
4.05,-23,-1,0,8,3,0,-25,131,-11,-3,3,3,3,2,334
4.05,-23,-1,0,9,5,5,-25,195,-15,-5,2,3,3,2,335
4.05,-22,-2,0,9,-19,10,53,321,-15,0,3,3,3,2,335
4.05,-22,-2,0,9,15,0,-80,200,-13,0,3,3,3,2,335
4.05,-23,-2,0,9,21,1,-74,270,-12,-2,2,3,3,2,335
4.05,-23,-2,0,9,8,-5,-28,44,-11,-5,3,3,3,2,335
4.05,-22,-2,0,9,15,-4,-67,288,-9,-2,2,3,3,2,335
4.05,-22,-2,0,8,18,-4,-83,274,-9,-5,1,3,3,2,335
4.05,-22,-2,0,9,-15,-2,9,144,-11,0,3,3,3,2,335
4.05,-22,-2,0,9,-6,3,40,108,-14,-5,2,3,3,2,335
4.05,-22,-2,0,9,1,4,51,128,-14,-6,2,3,3,2,335
4.05,-22,-1,0,8,-3,-6,5,296,-12,-4,0,3,3,2,335
4.05,-22,-2,0,9,-9,4,65,290,-14,-6,0,3,3,2,335
4.05,-22,-2,0,9,3,-3,21,261,-10,-6,2,3,3,2,336
4.05,-22,-1,0,8,-19,0,63,11,-14,-3,1,3,3,2,336
4.05,-22,-1,0,8,-9,-7,9,240,-8,0,1,3,3,2,336
4.05,-22,-2,0,9,-10,6,29,162,-12,-1,2,3,3,2,336
4.05,-22,-2,0,9,13,4,-27,129,-14,-6,2,3,3,2,336
4.05,-22,-2,0,8,-4,-1,94,144,-7,-4,3,3,3,2,336
4.05,-22,-2,0,9,-8,-4,36,44,-13,-2,2,3,3,2,336
4.05,-22,-2,0,9,-5,0,28,349,-11,-3,2,3,3,2,336
4.05,-22,-1,0,8,-1,1,0,193,-14,-1,2,3,3,2,336
4.05,-22,-2,0,9,0,4,0,265,-13,-2,3,3,3,2,336
4.05,-22,-1,0,9,2,-2,-15,343,-11,-1,3,3,3,2,336
4.05,-22,-2,0,9,3,-5,-11,35,-10,-3,3,3,3,2,336
4.05,-22,-2,0,9,0,1,0,3,-14,-2,2,3,3,2,337
4.05,-22,-2,0,9,0,0,7,5,-13,-3,1,3,3,2,337
4.05,-22,-1,0,8,4,4,-1,57,-14,-5,2,3,3,2,337
4.05,-22,-2,0,9,3,3,-47,149,-12,-1,3,3,3,2,337
4.05,-22,-1,0,8,7,1,-45,202,-14,-3,1,3,3,2,337
4.05,-22,-1,0,9,-6,-4,8,4,-12,-1,2,3,3,2,337
4.05,-22,-2,0,9,12,-4,-50,124,-10,-1,3,3,3,2,337
4.05,-22,-2,0,9,0,-4,-29,195,-10,0,2,3,3,2,337
4.05,-22,-1,0,8,11,0,-22,357,-13,-5,2,3,3,2,337
4.05,-22,-2,0,9,8,1,-45,137,-14,-3,2,3,3,2,337
4.05,-22,-2,0,9,-4,0,-14,201,-12,0,1,3,3,2,337
4.05,-22,-1,0,8,5,-5,-8,300,-11,-5,1,3,3,2,337
4.05,-21,-2,0,9,-2,-1,-7,151,-11,0,3,3,3,2,338
4.05,-21,-2,0,9,-27,5,96,126,-15,0,1,3,3,2,338
4.05,-21,-1,0,8,-12,1,45,241,-12,0,0,3,3,2,338
4.05,-21,-1,0,9,5,-1,16,116,-11,-6,2,3,3,2,338
4.05,-21,-2,0,9,-15,1,89,220,-9,-3,2,3,3,2,338
4.05,-21,-2,0,9,-23,-7,107,150,-3,2,3,3,3,2,338
4.05,-21,-2,0,9,-11,3,33,186,-11,0,3,3,3,2,338
4.05,-21,-2,0,9,-4,0,4,94,-10,-1,2,3,3,2,338
4.05,-21,-2,0,9,0,1,23,164,-14,-4,3,3,3,2,338
4.05,-21,-1,0,8,3,0,-38,334,-10,0,0,3,3,2,338
4.05,-21,-2,0,9,8,-8,-31,335,-9,-3,2,3,3,2,338
4.05,-21,-2,0,9,2,7,-12,212,-15,-5,3,3,3,2,338
4.05,-21,-2,0,9,-13,-3,127,184,-1,-5,2,3,3,2,339
4.05,-21,-2,0,9,-4,-8,24,113,-10,-1,3,3,3,2,339
4.05,-21,-2,0,9,-10,4,62,20,-11,-6,2,3,3,2,339
4.05,-21,-2,0,9,-18,-4,103,357,-4,1,1,3,3,2,339
4.05,-21,-2,0,9,3,-2,11,158,-9,-5,3,3,3,2,339
4.05,-21,-2,0,9,-10,2,85,148,-12,0,1,3,3,2,339
4.05,-21,-2,0,9,-9,1,51,142,-13,0,3,3,3,2,339
4.05,-21,-2,0,10,14,6,-62,70,-16,-1,0,3,3,2,339
4.05,-21,-2,0,9,38,4,-113,59,-17,0,1,3,3,2,339
4.05,-21,-2,0,8,19,0,-75,209,-15,-4,2,3,3,2,339
4.05,-21,-2,0,9,-5,-2,-14,59,-12,0,2,3,3,2,339
4.05,-21,-2,0,9,-5,0,13,134,-13,-2,2,3,3,2,339
4.05,-21,-2,0,9,-16,5,97,93,-16,-6,2,3,3,2,340
4.05,-21,-2,0,9,-8,-2,68,7,-8,-3,0,3,3,2,340
4.05,-21,-2,0,9,-8,-2,45,181,-8,-4,2,3,3,2,340
4.05,-21,-2,0,9,0,-7,56,293,-7,-6,0,3,3,2,340
4.05,-21,-1,0,9,-2,-2,42,289,-9,-5,1,3,3,2,340
4.05,-21,-2,0,9,-3,6,57,14,-10,-4,2,3,3,2,340
4.05,-20,-2,0,9,-11,10,90,350,-11,0,2,3,3,2,340
4.05,-20,-2,0,8,-7,3,59,289,-12,-2,1,3,3,2,340
4.05,-20,-2,0,9,-19,3,77,356,-9,-2,3,3,3,2,340
4.05,-20,-2,0,9,-10,7,71,37,-12,-4,3,3,3,2,340
4.05,-20,-1,0,8,0,-5,-5,231,-11,-3,1,3,3,2,340
4.05,-20,-2,0,9,8,1,-33,275,-14,-1,3,3,3,2,340
4.05,-20,-2,0,9,-3,0,-5,120,-13,0,3,3,3,2,341
4.05,-20,-2,0,9,-6,8,-14,296,-14,0,3,3,3,2,341
4.05,-20,-1,0,8,3,-6,-24,59,-10,-1,3,3,3,2,341
4.05,-20,-2,0,9,8,-1,-59,233,-13,-1,0,3,3,2,341
4.05,-20,-2,0,9,7,3,-47,73,-12,-1,3,3,3,2,341
4.05,-20,-2,0,9,0,-11,-31,215,-9,0,3,3,3,2,341
4.05,-20,-1,0,8,4,1,-52,160,-13,0,2,3,3,2,341
4.05,-20,-2,0,9,-4,-2,23,287,-12,-1,3,3,3,2,341
4.05,-20,-2,0,9,20,6,-48,73,-16,-5,2,3,3,2,341
4.05,-20,-1,0,8,6,-2,-39,309,-12,-4,3,3,3,2,341
4.05,-20,-2,0,9,5,-4,-18,183,-10,-4,3,3,3,2,341
4.05,-20,-1,0,9,8,1,-17,16,-14,-4,2,3,3,2,341
4.05,-20,-1,0,9,4,-5,1,102,-13,-5,3,3,3,2,342
4.05,-20,-1,0,8,11,-3,-55,358,-12,-4,3,3,3,2,342
4.05,-20,-2,0,9,23,0,-94,15,-12,-7,3,3,3,2,342
4.05,-20,-2,0,9,18,1,-82,97,-15,0,1,3,3,2,342
4.05,-20,-2,0,9,10,-3,-48,210,-11,-1,3,3,3,2,342
4.05,-20,-2,0,9,18,2,-104,162,-18,8,3,3,3,2,342
4.05,-20,-2,0,8,12,-3,-67,236,-11,0,3,3,3,2,342
4.05,-20,-1,0,9,5,-4,-30,74,-11,-1,3,3,3,2,342
4.05,-20,-2,0,9,14,-1,-59,174,-14,-3,2,3,3,2,342
4.05,-19,-2,0,9,13,-3,-68,94,-10,-1,3,3,3,2,342
4.05,-19,-1,0,9,6,-5,-34,331,-13,-2,1,3,3,2,342
4.05,-19,-1,0,8,9,-4,-46,265,-12,-2,3,3,3,2,342
4.05,-19,-2,0,9,3,5,-23,83,-13,0,3,3,3,2,343
4.05,-19,-1,0,9,-3,1,-18,179,-14,-2,2,3,3,2,343
4.05,-19,-2,0,9,5,-2,-15,106,-10,-3,1,3,3,2,343
4.05,-19,-2,0,9,-14,-2,98,174,-4,-4,2,3,3,2,343
4.05,-19,-2,0,9,-13,0,42,121,-11,0,2,3,3,2,343
4.05,-19,-2,0,9,2,2,-1,353,-11,-2,2,3,3,2,343
4.05,-19,-2,0,9,2,5,-42,349,-14,1,2,3,3,2,343
4.05,-19,-2,0,8,-12,9,57,260,-15,-4,1,3,3,2,343
4.05,-19,-2,0,9,-7,12,56,314,-12,-5,2,3,3,2,343
4.05,-19,-2,0,9,-13,-9,96,202,-6,-2,0,3,3,2,343
4.05,-19,-1,0,9,-20,6,52,162,-15,0,3,3,3,2,343
4.05,-19,-2,0,9,0,-5,-14,300,-11,0,2,3,3,2,343
4.05,-19,-2,0,9,-13,6,66,251,-14,-5,2,3,3,2,344
4.05,-19,-2,0,9,-2,10,31,316,-14,-5,3,3,3,2,344
4.05,-19,-1,0,8,4,-10,-12,211,-10,-2,2,3,3,2,344
4.05,-19,-2,0,9,-17,4,77,5,-10,-4,0,3,3,2,344
4.05,-19,-2,0,9,3,-7,1,126,-9,-5,2,3,3,2,344
4.05,-19,-1,0,9,0,3,4,104,-14,-4,3,3,3,2,344
4.05,-19,-2,0,9,1,-3,-23,238,-10,0,3,3,3,2,344
4.05,-19,-2,0,8,11,-4,-40,29,-10,-2,2,3,3,2,344
4.05,-18,-2,0,9,2,0,-11,358,-11,-1,3,3,3,2,344
4.05,-18,-2,0,9,0,6,16,245,-15,-4,3,3,3,2,344
4.05,-19,-1,0,8,4,-4,9,147,-10,-6,2,3,3,2,344
4.05,-18,-2,0,9,-15,1,42,317,-10,-1,2,3,3,2,344
4.05,-18,-2,0,9,23,-2,-53,66,-13,-6,1,3,3,2,345
4.05,-18,-2,0,8,12,2,-91,197,-16,3,2,3,3,2,345
4.05,-18,-2,0,9,15,7,-77,194,-15,-2,1,3,3,2,345
4.05,-18,-1,0,9,-7,-3,9,0,-12,0,0,3,3,2,345
4.05,-18,-2,0,9,-16,11,99,359,-17,-6,2,3,3,2,345
4.05,-18,-2,0,9,-22,2,81,183,-10,0,2,3,3,2,345
4.05,-18,-2,0,9,9,0,0,330,-9,-4,2,3,3,2,345
4.05,-18,-2,0,8,-14,4,92,134,-7,-3,3,3,3,2,345
4.05,-18,-2,0,9,-13,-1,49,33,-13,-1,1,3,3,2,345
4.05,-18,-2,0,9,-11,8,87,224,-13,-5,3,3,3,2,345
4.05,-18,-1,0,9,-12,-2,64,146,-11,-1,3,3,3,2,345
4.05,-18,-2,0,9,0,-5,16,4,-11,-6,1,3,3,2,345
4.05,-18,-2,0,9,11,2,-55,98,-15,-1,0,3,3,2,346
4.05,-18,-2,0,9,7,-3,-63,163,-9,-2,0,3,3,2,346
4.05,-18,-2,0,9,4,7,-44,62,-17,0,3,3,3,2,346
4.05,-18,-1,0,8,5,-5,-12,224,-10,-2,3,3,3,2,346
4.05,-18,-2,0,9,11,-3,-46,349,-11,-2,1,3,3,2,346
4.05,-18,-2,0,9,1,-2,-24,331,-11,-1,3,3,3,2,346
4.05,-18,-2,0,9,0,3,2,335,-13,-3,3,3,3,2,346
4.05,-18,-2,0,9,5,-1,-34,56,-10,-2,2,3,3,2,346
4.05,-18,-1,0,9,5,5,-17,168,-15,-4,3,3,3,2,346
4.05,-18,-2,0,9,4,0,-17,300,-12,-5,2,3,3,2,346
4.05,-18,-1,0,9,-1,0,21,4,-14,-4,1,3,3,2,346
4.07,-18,-2,0,9,12,-6,-63,206,-10,-4,3,3,3,2,347
4.06,-18,-2,0,9,17,-2,-70,177,-15,-4,0,3,3,2,347
4.05,-18,-2,0,9,16,8,-117,231,-15,13,3,3,3,2,347
4.05,-17,-2,0,9,8,4,-36,174,-11,-1,1,3,3,2,347
4.05,-17,-2,0,9,21,4,-81,27,-19,-4,3,3,3,2,347
4.05,-17,-2,0,9,21,13,-102,23,-16,0,0,3,3,2,347
4.05,-17,-2,0,9,0,-6,-6,345,-10,-1,0,3,3,2,347
4.05,-17,-1,0,9,18,3,-80,183,-19,-3,3,3,3,2,347
4.05,-17,-2,0,9,14,-3,-44,99,-10,-4,2,3,3,2,347
4.05,-17,-2,0,9,-3,-3,-23,336,-13,0,2,3,3,2,347
4.05,-17,-2,0,9,3,0,-24,144,-12,0,2,3,3,2,347
4.05,-17,-2,0,9,-14,4,26,123,-13,1,3,3,3,2,347
4.06,-17,-1,0,9,-10,5,16,102,-11,0,3,3,3,2,348
4.06,-17,-1,0,9,9,0,-23,185,-12,-5,3,3,3,2,348
4.05,-17,-1,0,9,-5,1,-8,335,-12,0,2,3,3,2,348
4.05,-17,-2,0,9,-1,0,7,78,-14,-2,3,3,3,2,348
4.06,-17,-2,0,9,3,-2,-52,265,-10,0,3,3,3,2,348
4.06,-17,-1,0,8,8,-1,-51,212,-14,-1,3,3,3,2,348
4.06,-17,-2,0,9,6,-2,-27,344,-12,-1,2,3,3,2,348
4.06,-17,-2,0,9,9,-5,-20,40,-11,-5,3,3,3,2,348
4.05,-16,-2,0,9,7,0,-2,75,-12,-5,2,3,3,2,348
4.05,-16,-2,0,9,9,1,-35,80,-13,-1,2,3,3,2,348
4.05,-16,-1,0,8,3,-2,-34,121,-10,0,2,3,3,2,348
4.06,-16,-2,0,9,-5,-3,-4,112,-10,-2,3,3,3,2,348
4.06,-16,-2,0,9,-15,-3,61,178,-9,-1,1,3,3,2,349
4.06,-16,-1,0,8,-1,-2,14,223,-11,-2,1,3,3,2,349
4.06,-16,-2,0,9,0,-2,1,244,-12,-2,2,3,3,2,349
4.06,-16,-2,0,9,17,2,-30,307,-14,-5,2,3,3,2,349
4.06,-16,-2,0,9,7,4,-39,350,-13,-2,3,3,3,2,349
4.06,-16,-2,0,9,4,2,-39,201,-15,0,2,3,3,2,349
4.06,-16,-2,0,9,-18,7,78,94,-11,-5,3,3,3,2,349
4.06,-16,-2,0,9,-15,6,67,241,-12,-4,0,3,3,2,349
4.06,-16,-2,0,9,-18,0,46,295,-11,1,3,3,3,2,349
4.06,-16,-1,0,9,-3,5,5,240,-12,-1,3,3,3,2,349
4.06,-16,-2,0,9,5,-3,-28,289,-12,-5,2,3,3,2,349
4.06,-16,-2,0,9,8,0,-62,176,-10,0,0,3,3,2,349
4.06,-16,-2,0,9,7,3,-43,20,-15,-2,3,3,3,2,350
4.06,-16,-2,0,9,0,0,-20,125,-13,0,2,3,3,2,350
4.06,-16,-1,0,9,2,-1,-23,218,-13,-1,3,3,3,2,350
4.06,-16,-2,0,9,-3,3,11,247,-14,-1,3,3,3,2,350
4.06,-16,-1,0,8,-2,0,3,281,-12,-1,3,3,3,2,350
4.06,-16,-2,0,9,-1,0,3,292,-11,-3,2,3,3,2,350
4.06,-16,-1,0,8,-6,0,29,311,-12,-3,2,3,3,2,350
4.06,-16,-2,0,9,-9,1,35,342,-14,-3,2,3,3,2,350
4.06,-16,-2,0,9,9,0,-2,294,-11,-5,0,3,3,2,350
4.06,-16,-2,0,9,-15,4,52,123,-14,-3,0,3,3,2,350
4.06,-16,-2,0,9,-14,0,21,281,-12,1,3,3,3,2,350
4.06,-16,-2,0,9,-5,9,47,228,-15,-4,3,3,3,2,350
4.06,-16,-2,0,9,-18,2,98,131,-10,5,2,3,3,2,351
4.06,-16,-1,0,8,-4,-2,22,223,-9,-3,0,3,3,2,351
4.06,-16,-2,0,9,-1,6,21,5,-13,-1,2,3,3,2,351
4.06,-16,-2,0,9,25,-3,-77,244,-15,-6,2,3,3,2,351
4.07,-16,-2,0,9,6,4,-54,310,-13,0,3,3,3,2,351
4.07,-16,-2,0,9,1,0,-13,147,-14,0,2,3,3,2,351
4.07,-15,-2,0,9,26,0,-75,44,-13,-6,2,3,3,2,351
4.06,-15,-2,0,9,20,2,-70,83,-11,-1,2,3,3,2,351
4.07,-15,-1,0,9,-1,1,-8,295,-15,-1,2,3,3,2,351
4.07,-15,-1,0,9,1,-6,-8,130,-10,-1,3,3,3,2,351
4.06,-15,-2,0,9,-15,-1,104,298,-5,-8,1,3,3,2,351
4.07,-15,-2,0,9,-9,-9,36,232,-8,-2,1,3,3,2,351
4.07,-15,-2,0,9,-13,-3,73,52,-8,-3,2,3,3,2,352
4.07,-15,-2,0,8,-18,-5,94,26,-3,-3,0,3,3,2,352
4.07,-15,-2,0,9,-28,5,113,232,-8,3,3,3,3,2,352
4.07,-15,-2,0,9,2,-7,7,321,-9,-5,0,3,3,2,352
4.07,-15,-2,0,9,-14,1,56,197,-9,-2,0,3,3,2,352
4.07,-15,-2,0,9,-6,4,47,303,-14,-4,3,3,3,2,352
4.07,-15,-2,0,8,5,0,-1,238,-13,-5,2,3,3,2,352
4.07,-15,-2,0,9,-15,0,86,286,-8,-4,3,3,3,2,352
4.07,-15,-2,0,9,-16,-5,78,244,-8,-1,0,3,3,2,352
4.07,-15,-2,0,9,-5,-1,20,15,-9,-3,2,3,3,2,352
4.07,-15,-2,0,9,-8,-11,87,18,-5,-4,2,3,3,2,352
4.07,-15,-1,0,8,-4,0,27,50,-11,-1,2,3,3,2,352
4.07,-15,-2,0,9,-15,-3,82,181,-6,-1,2,3,3,2,353
4.07,-15,-2,0,8,-7,-4,49,217,-8,-3,2,3,3,2,353
4.07,-15,-2,0,9,0,3,38,347,-10,-4,1,3,3,2,353
4.07,-15,-2,0,9,-7,-1,61,334,-8,-3,0,3,3,2,353
4.07,-15,-2,0,9,-12,0,68,44,-9,-4,1,3,3,2,353
4.07,-15,-2,0,9,-22,-11,97,25,-1,4,2,3,3,2,353
4.07,-15,-2,0,9,0,2,48,155,-11,-6,3,3,3,2,353
4.07,-15,-1,0,9,-5,0,22,346,-12,-4,2,3,3,2,353
4.07,-15,-1,0,8,-2,5,21,48,-15,-3,0,3,3,2,353
4.07,-15,-2,0,9,-3,-2,-22,126,-12,0,0,3,3,2,353
4.07,-15,-2,0,9,11,-7,-29,274,-11,-5,1,3,3,2,353
4.07,-15,-2,0,9,15,1,-81,274,-14,0,2,3,3,2,353
4.07,-15,-2,0,9,10,-5,-60,359,-9,-1,1,3,3,2,354
4.07,-15,-1,0,8,-3,5,0,188,-15,-1,0,3,3,2,354
4.07,-14,-2,0,9,-5,4,-6,259,-14,0,3,3,3,2,354
4.07,-14,-2,0,9,-17,-4,70,304,-10,-2,0,3,3,2,354
4.07,-14,-2,0,9,-14,3,80,348,-14,-5,3,3,3,2,354
4.07,-14,-2,0,9,-10,-4,25,134,-9,0,2,3,3,2,354
4.07,-14,-2,0,9,-9,-1,32,100,-11,-4,2,3,3,2,354
4.07,-14,-2,0,9,-7,4,34,163,-14,-1,2,3,3,2,354
4.07,-14,-2,0,9,-3,-4,-31,232,-10,0,2,3,3,2,354
4.07,-14,-2,0,9,13,4,-57,61,-14,-1,2,3,3,2,354
4.07,-14,-2,0,9,14,0,-83,10,-14,3,3,3,3,2,354
4.07,-14,-2,0,9,0,-4,-43,46,-10,1,3,3,3,2,354
4.07,-14,-2,0,9,20,0,-57,183,-14,-4,3,3,3,2,355
4.07,-14,-2,0,9,8,-4,-51,244,-9,0,2,3,3,2,355
4.07,-14,-2,0,9,12,8,-59,121,-18,0,3,3,3,2,355
4.07,-14,-2,0,9,11,1,-37,23,-13,-4,3,3,3,2,355
4.07,-14,-2,0,9,18,0,-79,27,-14,-1,2,3,3,2,355
4.07,-14,-2,0,9,10,1,-67,68,-13,1,2,3,3,2,355
4.07,-14,-2,0,9,3,4,-37,350,-14,0,2,3,3,2,355
4.07,-14,-2,0,9,14,2,-74,245,-14,0,3,3,3,2,355
4.07,-14,-2,0,9,2,1,-36,182,-13,0,2,3,3,2,355
4.07,-14,-2,0,9,15,6,-81,81,-14,0,2,3,3,2,355
4.07,-14,-2,0,9,5,0,-36,38,-13,0,3,3,3,2,355
4.07,-14,-1,0,9,16,1,-54,257,-13,-2,3,3,3,2,355
4.07,-14,-2,0,9,8,0,-48,146,-14,-1,2,3,3,2,356
4.07,-14,-2,0,9,16,-1,-66,43,-12,-2,2,3,3,2,356
4.07,-14,-2,0,9,6,-1,-50,24,-13,0,0,3,3,1,356
4.07,-14,-2,0,9,7,0,-36,211,-14,-1,2,3,3,1,356
4.07,-13,-1,0,9,17,-3,-57,44,-13,-4,3,3,3,1,356
4.07,-13,-2,0,9,11,-2,-41,305,-12,-1,2,3,3,1,356
4.07,-13,-2,0,9,7,-2,-35,163,-11,-2,2,3,3,1,356
4.07,-13,-1,0,9,2,0,-5,275,-13,-2,1,3,3,1,356
4.07,-13,-2,0,9,-4,2,11,323,-12,-3,3,3,3,1,356
4.07,-13,-2,0,9,1,-4,-13,288,-10,-2,0,3,3,1,356
4.07,-13,-1,0,9,3,0,2,329,-14,-3,0,3,3,1,356
4.07,-13,-2,0,9,5,-3,-51,70,-11,0,2,3,3,1,356
4.07,-13,-1,0,9,-4,-6,4,87,-10,0,0,3,3,1,357
4.07,-13,-2,0,9,-19,0,101,70,-11,-6,2,3,3,1,357
4.07,-13,-1,0,9,-4,-6,28,298,-8,-2,1,3,3,1,357
4.07,-13,-2,0,9,-11,0,77,83,-9,-3,2,3,3,1,357
4.08,-13,-2,0,9,-24,-2,83,350,-8,0,1,3,3,1,357
4.08,-13,-2,0,9,-1,-3,15,119,-11,-1,1,3,3,1,357
4.08,-13,-2,0,9,-10,2,80,309,-12,-7,0,3,3,1,357
4.08,-13,-2,0,9,-14,-3,84,214,-8,-2,1,3,3,2,357
4.08,-13,-2,0,9,-8,0,20,306,-10,0,1,3,3,2,357
4.08,-13,-1,0,9,0,9,31,143,-15,-6,2,3,3,2,357
4.08,-13,-2,0,9,-4,-4,0,327,-10,-1,2,3,3,2,357
4.08,-13,-2,0,9,-24,3,100,216,-8,-3,0,3,3,2,357
4.08,-13,-2,0,9,-20,4,90,118,-11,3,0,3,3,2,358
4.08,-13,-2,0,9,-16,-5,33,134,-9,0,3,3,3,2,358
4.08,-13,-2,0,8,-4,8,16,353,-14,-1,3,3,3,2,358
4.08,-13,-2,0,9,-2,2,2,38,-11,-3,3,3,3,2,358
4.08,-13,-1,0,9,-6,2,21,49,-12,-3,0,3,3,2,358
4.08,-13,-2,0,9,0,-4,-9,323,-9,-1,1,3,3,2,358
4.08,-13,-2,0,9,-3,5,62,69,-12,-6,1,3,3,2,358
4.08,-13,-2,0,9,-15,2,88,102,-9,-2,1,3,3,2,358
4.08,-13,-2,0,9,-19,3,62,98,-11,0,2,3,3,2,358
4.08,-12,-1,0,8,-13,-2,61,180,-7,-2,3,3,3,2,358
4.08,-12,-2,0,9,-8,-3,48,167,-8,-3,2,3,3,2,358
4.08,-12,-2,0,9,-4,4,43,287,-13,-3,1,3,3,2,358
4.08,-12,-2,0,9,-5,0,15,81,-12,-4,3,3,3,2,359
4.08,-12,-2,0,9,-4,-1,24,354,-9,-3,3,3,3,2,359
4.08,-12,-1,0,8,-3,5,13,163,-15,-1,0,3,3,2,359
4.08,-12,-2,0,9,-7,8,21,149,-14,-2,3,3,3,2,359
4.08,-12,-2,0,9,-16,4,60,193,-11,-3,0,3,3,2,359
4.08,-12,-2,0,9,-2,-1,-8,38,-13,0,1,3,3,2,359
4.08,-12,-2,0,9,-5,5,14,6,-15,-2,3,3,3,2,359
4.08,-12,-2,0,9,-2,4,4,11,-12,-2,2,3,3,2,359
4.08,-12,-1,0,9,0,2,-29,211,-14,0,2,3,3,2,359
4.08,-12,-2,0,9,0,-8,-38,294,-9,0,2,3,3,2,359
4.08,-12,-2,0,9,0,0,6,346,-13,-3,2,3,3,2,359
4.08,-12,-2,0,9,-2,0,-32,67,-12,1,3,3,3,2,359
4.09,-12,-2,0,9,7,-2,-21,185,-12,-4,2,3,3,2,360
4.08,-12,-2,0,9,24,1,-81,92,-15,-6,3,3,3,2,360
4.08,-12,-2,0,9,21,6,-91,112,-16,0,0,3,3,2,360
4.08,-12,-2,0,9,2,1,-50,105,-12,1,1,3,3,2,360
4.09,-12,-2,0,9,6,3,-36,341,-15,-1,2,3,3,2,360
4.09,-12,-2,0,9,11,2,-74,289,-13,1,2,3,3,2,360
4.09,-12,-2,0,9,2,0,-38,264,-12,0,3,3,3,2,360
4.09,-12,-1,0,9,6,1,-25,54,-14,-1,0,3,3,2,360
4.09,-11,-2,0,9,13,4,-87,67,-16,3,3,3,3,2,360
4.09,-11,-2,0,9,8,-2,-58,59,-11,0,1,3,3,2,360
4.09,-11,-2,0,9,7,6,-35,213,-16,-1,3,3,3,2,360
4.09,-11,-2,0,9,15,2,-77,176,-13,0,0,3,3,1,361
4.09,-11,-2,0,9,0,1,-21,113,-12,0,2,3,3,1,361
4.09,-11,-2,0,9,12,-1,-44,292,-12,-1,1,3,3,1,361
4.09,-11,0,0,0,31,0,-48,164,-17,-5,3,3,3,3,361
4.09,-11,-3,2,7,-41,-31,-139,223,17,-12,3,3,3,3,361
4.09,-11,-3,1,13,-28,73,-149,231,-10,-14,1,3,3,3,361
4.09,-11,-5,0,8,-22,-175,-170,343,11,-73,0,3,3,3,361
4.09,-12,-4,0,14,49,-68,-56,95,-49,3,0,3,3,3,361
4.09,-12,-6,2,10,-37,-40,484,72,-25,-26,0,3,3,3,361
4.09,-12,-3,0,11,60,-69,-204,58,-19,-45,1,3,3,3,361
4.09,-12,0,-2,16,130,-15,-187,111,-37,-17,2,3,3,3,361
4.09,-12,-5,2,11,8,9,42,323,30,17,2,3,3,3,361
4.09,-12,-4,0,9,86,11,-155,210,-67,8,3,3,3,3,362
4.09,-13,-2,1,15,167,83,-313,218,-58,38,3,3,3,3,362
4.09,-13,-3,0,8,45,-2,-99,231,-30,-45,1,3,3,3,362
4.09,-13,-2,-1,14,-17,154,-285,324,15,41,1,3,3,3,362
4.09,-13,-6,3,6,151,5,-393,332,-24,42,0,3,3,3,362
4.09,-13,-3,2,10,78,14,-2,249,-59,-6,3,3,3,3,362
4.09,-13,-5,3,10,-149,55,135,342,1,23,2,3,3,3,362
4.09,-13,-1,-1,19,-86,-39,-32,133,24,-46,3,3,3,3,362
4.09,-14,-2,1,11,-23,-55,121,64,9,12,0,3,3,3,362
4.09,-14,-8,2,25,-51,-14,-426,159,17,26,2,3,3,3,362
4.09,-14,-2,2,11,-112,23,74,215,17,4,3,3,3,3,362
4.09,-14,-5,0,11,77,75,-294,137,-21,39,0,3,3,3,362
4.09,-14,-2,3,10,-48,-46,-72,267,19,2,1,3,3,3,363
4.09,-14,-1,1,24,-203,-105,-146,334,35,22,0,3,3,3,363
4.09,-14,-2,2,10,-46,-11,47,274,-8,45,2,3,3,3,363
4.09,-15,-2,2,10,33,48,-145,11,36,29,1,3,3,3,363
4.09,-15,-1,1,10,29,-4,2,155,-34,-12,2,3,3,3,363
4.09,-15,-2,0,16,129,113,-142,235,-74,48,0,3,3,3,363
4.09,-15,-4,1,18,-80,129,-12,299,-22,48,0,3,3,3,363
4.09,-15,-3,0,13,-104,-43,268,126,22,-44,3,3,3,3,363
4.09,-16,-6,1,12,52,59,-366,42,-28,29,3,3,3,3,363
4.09,-16,-1,-3,16,55,-104,8,236,-16,-52,3,3,3,3,363
4.09,-16,-3,-2,15,-100,28,265,210,20,-39,3,3,3,3,363
4.09,-16,-5,1,16,7,-34,-82,287,10,-39,3,3,3,3,363
4.09,-17,-1,1,14,-2,76,22,194,21,39,3,3,3,3,364
4.09,-17,-6,1,11,55,-65,-464,259,24,-34,2,3,3,3,364
4.09,-17,0,-1,16,152,-14,-16,81,-72,66,2,3,3,3,364
4.09,-17,-3,1,14,16,-27,275,67,-30,-49,3,3,3,3,364
4.09,-17,-3,-1,11,28,66,41,257,-13,55,0,3,3,3,364
4.09,-18,-3,0,10,5,-68,-109,103,4,-67,3,3,3,3,364
4.09,-18,-1,2,16,-25,-62,-136,100,34,-21,3,3,3,3,364
4.09,-18,-5,-1,13,33,19,-87,231,-36,15,2,3,3,3,364
4.09,-18,-2,0,13,-74,-70,156,167,-22,-38,3,3,3,3,364
4.09,-18,-6,3,13,30,-162,-431,192,15,-50,2,3,3,3,364
4.09,-19,-3,2,11,-52,44,304,90,-34,50,3,3,3,3,364
4.09,-19,-2,-2,13,-48,-1,103,339,-22,-54,3,3,3,3,364
4.09,-19,-7,3,9,80,-85,-480,336,-24,-69,3,3,3,3,365
4.09,-19,-3,0,17,6,118,-112,223,19,44,1,3,3,3,365
4.09,-20,-2,0,10,-81,53,-61,308,27,9,1,3,3,3,365
4.09,-20,-6,4,11,-30,-71,-203,69,-15,-48,1,3,3,3,365
4.09,-20,-2,0,15,34,125,-213,313,-2,45,2,3,3,3,365
4.09,-20,-4,0,13,98,58,-340,334,-38,58,1,3,3,3,365
4.09,-20,0,0,17,-27,-58,-25,89,3,-3,2,3,3,3,365
4.09,-21,-5,1,11,52,-70,-32,184,-1,-51,2,3,3,3,365
4.09,-21,-3,0,12,14,50,-219,16,-15,43,2,3,3,3,365
4.09,-21,-3,2,11,17,-53,-66,238,19,-33,2,3,3,3,365
4.09,-21,-3,2,12,-73,-43,237,328,-33,-46,2,3,3,3,365
4.09,-22,-2,1,11,39,32,29,315,-69,1,1,3,3,3,365
4.09,-22,-3,2,13,-2,-33,-307,285,0,-68,2,3,3,3,366
4.09,-22,-2,0,13,25,-98,-17,321,0,-64,2,3,3,3,366
4.09,-22,-3,0,14,-31,-64,-240,237,38,-14,1,3,3,3,366
4.09,-23,-1,-1,14,134,54,-63,110,-4,43,3,3,3,3,366
4.09,-23,-2,-1,14,155,-87,-294,344,-32,-69,3,3,3,3,366
4.08,-23,-3,2,16,21,66,119,173,-42,17,2,3,3,3,366
4.09,-23,-3,1,17,-94,-38,8,28,19,-28,0,3,3,3,366
4.08,-24,-2,2,12,-48,38,144,265,5,31,3,3,3,3,366
4.08,-24,-4,1,10,104,-41,-444,132,-54,3,3,3,3,3,366
4.08,-24,-4,1,12,-53,-48,-4,10,17,-31,3,3,3,3,366
4.08,-24,-1,2,10,-14,-8,-108,35,28,20,3,3,3,3,366
4.08,-24,-3,0,14,-67,52,-24,332,-15,40,2,3,3,3,366
4.08,-24,-2,0,15,-107,-36,7,143,13,-31,3,3,3,3,367
4.08,-25,-7,1,9,-102,-24,484,282,-33,3,2,3,3,3,367
4.08,-25,-6,1,10,82,-44,-482,128,20,-33,0,3,3,3,367
4.08,-25,-2,0,14,-109,73,120,1,2,28,3,3,3,3,367
4.08,-25,-2,1,11,-26,11,-38,30,5,2,3,3,3,3,367
4.08,-26,-2,0,14,-10,-74,-117,123,19,-32,3,3,3,3,367
4.08,-26,-4,2,12,-120,141,266,189,8,-23,3,3,3,3,367
4.08,-26,-2,1,13,-50,-17,-89,141,30,18,3,3,3,3,367
4.08,-26,-8,1,11,-181,-53,519,228,28,-42,3,3,3,3,367
4.08,-26,-11,5,12,168,90,-588,173,5,65,2,3,3,3,367
4.08,-27,-3,1,11,54,18,-77,277,-13,-51,3,3,3,3,367
4.09,-27,-2,0,11,-35,-46,-23,326,17,-58,0,3,3,3,367
4.08,-28,0,0,12,18,4,-83,147,-38,-36,3,3,3,3,368
4.07,-28,-1,0,12,-55,27,22,44,29,39,2,3,3,3,368
4.07,-28,-1,2,13,-19,-81,107,190,-6,-48,3,3,3,3,368
4.07,-29,-4,1,12,-109,50,297,170,19,17,3,3,3,3,368
4.07,-29,-4,1,12,30,23,-301,87,-31,19,0,3,3,3,368
4.07,-29,-2,0,13,-6,-57,-115,352,9,-37,3,3,3,3,368
4.07,-29,-3,0,11,122,41,-246,165,-55,24,1,3,3,3,368
4.07,-29,-3,0,11,77,-43,-65,261,-48,35,3,3,3,3,368
4.07,-29,-3,-1,11,20,-39,-65,111,-1,-30,2,3,3,3,368
4.07,-30,-1,1,12,-49,96,152,60,10,11,1,3,3,3,368
4.07,-30,-3,0,12,32,10,-244,332,10,22,0,3,3,3,368
4.07,-30,-2,0,14,-26,-22,-17,336,25,23,3,3,3,3,368
4.07,-31,-3,0,10,69,40,-226,281,-12,51,3,3,3,3,369
4.07,-31,-2,0,12,-72,-55,227,73,15,-33,3,3,3,3,369
4.07,-31,-2,0,10,104,-19,-217,222,-54,-38,3,3,3,3,369
4.07,-32,-2,1,10,-6,-21,142,155,-29,-44,3,3,3,3,369
4.06,-32,-4,0,15,-11,-129,-193,92,0,-64,3,3,3,3,369
4.07,-32,-4,0,13,89,-100,-186,147,-29,-62,3,3,3,3,369
4.06,-32,-2,0,10,9,13,-73,15,-12,31,1,3,3,3,369
4.06,-32,-2,1,14,21,71,-23,114,31,-4,1,3,3,3,369
4.06,-32,0,0,11,5,42,17,104,13,41,3,3,3,3,369
4.06,-32,-2,0,11,-22,7,-2,153,18,-19,1,3,3,3,369
4.06,-33,0,0,11,53,27,-58,39,-34,43,1,3,3,3,369
4.06,-33,-3,0,12,-30,26,-163,118,28,22,3,3,3,3,369
4.05,-33,-2,2,12,-26,41,-51,84,5,33,2,3,3,3,370
4.05,-33,-3,1,13,139,-1,-203,271,-61,8,1,3,3,3,370
4.05,-33,-2,1,8,-26,38,157,163,-17,-21,3,3,3,3,370
4.05,-34,-3,0,11,27,-50,2,201,-37,-52,3,3,3,3,370
4.05,-34,-2,0,11,100,8,-251,185,-31,24,3,3,3,3,370
4.05,-34,-3,2,12,-10,9,276,83,-55,30,2,3,3,3,370
4.05,-34,-5,1,11,109,-45,-313,103,-40,-42,3,3,3,3,370
4.05,-34,-2,0,14,63,-40,162,166,-58,30,1,3,3,3,370
4.05,-35,-3,1,12,92,33,-276,205,-20,45,0,3,3,3,370
4.05,-35,-2,0,11,-2,71,-68,263,17,28,0,3,3,3,370
4.05,-35,-2,0,11,-55,-6,20,192,35,3,2,3,3,3,370
4.05,-35,-3,1,14,7,-31,114,317,-33,-28,2,3,3,3,370
4.04,-35,-2,1,12,-20,-10,58,257,-36,-44,3,3,3,3,371
4.04,-35,-4,0,10,36,1,-75,210,-31,-34,3,3,3,3,371
4.04,-35,-2,0,12,-38,40,-38,64,11,2,2,3,3,3,371
4.04,-35,-2,1,15,21,76,-209,317,37,16,0,3,3,3,371
4.03,-35,-3,1,10,-91,7,210,331,23,-22,3,3,3,3,371
4.03,-35,-3,0,13,93,14,-176,91,-63,-8,0,3,3,3,371
4.03,-36,-2,1,15,-61,33,-49,178,34,17,3,3,3,3,371
4.03,-36,-3,0,14,75,55,33,56,-48,47,2,3,3,3,371
4.03,-36,-2,0,10,5,-35,-80,184,7,-15,3,3,3,3,371
4.03,-36,-2,0,12,44,-28,-17,73,-10,-36,3,3,3,3,371
4.03,-36,-3,1,12,-18,61,-126,273,-23,25,0,3,3,3,371
4.03,-37,-3,1,12,33,33,-249,286,11,30,0,3,3,3,371
4.03,-37,-1,0,12,-58,14,110,265,15,-1,2,3,3,3,372
4.02,-37,-3,1,10,7,21,191,76,-47,64,0,3,3,3,372
4.02,-37,-3,0,12,20,21,-283,133,47,40,0,3,3,3,372
4.02,-37,-3,1,12,-27,57,202,22,-47,46,2,3,3,3,372
4.02,-37,-2,1,11,14,2,67,214,-26,-10,0,3,3,3,372
4.02,-37,-4,1,11,98,16,-337,191,-21,25,0,3,3,3,372
4.02,-37,-2,1,11,-107,-5,260,234,31,0,0,3,3,3,372
4.02,-37,-1,0,12,-30,52,12,207,42,0,0,3,3,3,372
4.02,-37,-3,0,10,68,-66,-166,262,-40,-59,2,3,3,3,372
4.02,-37,-1,1,11,82,0,-100,175,-37,-39,2,3,3,3,372
4.01,-37,-2,1,11,22,16,-109,284,18,4,3,3,3,3,372
4.01,-37,-6,1,14,-35,29,464,38,-61,24,2,3,3,3,373
4.01,-37,-2,0,11,37,5,-112,121,9,54,0,3,3,3,373
4.00,-37,-3,0,11,-6,-1,170,312,-66,-16,0,3,3,3,373
4.00,-37,-3,1,11,-53,-52,156,135,-9,-60,3,3,3,3,373
4.00,-37,-4,2,11,53,63,-321,351,20,35,1,3,3,3,373
4.00,-37,-2,0,10,21,13,-112,70,-19,18,2,3,3,3,373
4.00,-37,-2,1,10,39,44,-9,89,2,33,3,3,3,3,373
4.00,-37,-2,0,11,-33,32,125,300,-13,33,3,3,3,3,373
3.99,-38,-1,0,12,-20,26,86,319,9,29,2,3,3,3,373
3.99,-38,-3,0,13,57,8,-51,123,-56,28,3,3,3,3,373
4.00,-37,-3,1,11,24,2,-278,221,19,8,3,3,3,3,373
4.00,-37,-2,0,13,-13,2,-59,8,13,14,1,3,3,3,373
3.99,-38,-2,0,10,47,-65,-123,13,-27,-43,3,3,3,3,374
3.98,-38,-2,0,11,-21,-56,-4,351,-34,-46,3,3,3,3,374
3.98,-38,-3,2,9,-106,-47,313,49,-16,-21,2,3,3,3,374
3.98,-38,-3,1,12,103,50,-335,54,-73,22,3,3,3,3,374
3.98,-38,-2,0,8,47,-10,-94,146,-8,-25,3,3,3,3,374
3.98,-38,-3,1,10,47,45,-225,276,17,40,3,3,3,3,374
3.98,-38,-3,1,9,-97,12,268,184,20,0,3,3,3,3,374
3.97,-38,-1,1,13,-76,10,-21,44,11,6,3,3,3,3,374
3.97,-38,-3,0,11,92,1,-146,208,-50,7,3,3,3,3,374
3.97,-38,-1,1,11,-52,6,85,329,18,8,3,3,3,3,374
3.97,-38,-2,1,12,5,-64,-147,270,22,-25,3,3,3,3,374
3.96,-38,-2,0,13,19,55,-76,120,-3,28,2,3,3,3,374
3.96,-38,-2,1,11,-52,28,189,137,24,24,3,3,3,3,375
3.96,-38,-2,1,10,53,3,-269,290,-55,8,1,3,3,3,375
3.96,-38,-2,0,12,52,-17,-97,253,-10,0,0,3,3,3,375
3.96,-38,-2,1,8,-49,16,217,157,9,-23,2,3,3,3,375
3.95,-38,-3,0,10,19,-15,17,9,-10,-25,0,3,3,3,375
3.95,-38,-3,0,12,32,-4,-20,333,-34,15,0,3,3,3,375
3.95,-38,-2,0,10,73,20,-174,297,5,45,0,3,3,3,375
3.95,-38,-3,0,10,80,-5,-198,98,-36,-32,0,3,3,3,375
3.94,-38,-2,0,10,73,14,59,351,-13,-7,0,3,3,3,375
3.94,-38,-4,2,9,42,16,-374,90,22,-3,0,3,3,3,375
3.94,-38,-3,1,10,-24,55,310,193,-14,52,2,3,3,3,375
3.94,-38,-2,0,11,1,33,-98,82,-33,49,0,3,3,3,375
3.94,-37,-2,1,12,36,39,-154,309,-1,21,1,3,3,3,376
3.93,-38,-3,0,9,-29,11,-24,279,31,5,3,3,3,3,376
3.93,-38,-3,0,10,4,-34,29,270,-2,-38,3,3,3,3,376
3.93,-37,-2,0,11,18,-29,20,141,-38,-32,3,3,3,3,376
3.93,-38,-3,1,11,21,-17,-241,346,48,-22,3,3,3,3,376
3.93,-38,-4,1,12,-68,-39,368,65,-37,-36,3,3,3,3,376
3.93,-37,-2,1,10,-29,-26,-106,174,0,5,0,3,3,3,376
3.92,-37,-4,2,10,17,-24,-329,22,45,-15,0,3,3,3,376
3.92,-37,-2,0,10,34,12,-87,198,-32,23,0,3,3,3,376
3.92,-37,-2,0,10,-9,11,193,25,-48,21,0,3,3,3,376
3.92,-37,-2,0,11,36,31,-115,205,-35,20,3,3,3,3,376
3.91,-37,-1,1,10,-20,-6,-53,166,17,15,3,3,3,3,376
3.91,-37,-3,0,10,100,-33,-217,278,-40,-29,3,3,3,3,377
3.91,-37,-2,0,13,-37,-20,-126,76,17,12,0,3,3,3,377
3.91,-37,-2,1,11,-13,4,-126,34,-4,24,0,3,3,3,377
3.90,-37,-3,1,11,-12,-49,-29,15,-8,-48,3,3,3,3,377
3.90,-37,-3,0,12,52,-31,-74,351,-31,-55,0,3,3,3,377
3.90,-37,-2,0,10,19,-8,-59,323,-38,-34,0,3,3,3,377
3.89,-37,-3,1,12,-19,-25,-136,271,28,6,0,3,3,3,377
3.89,-37,-2,1,12,-14,-24,-32,202,9,9,0,3,3,3,377
3.89,-36,-1,1,10,-1,29,-51,109,-7,28,3,3,3,3,377
3.89,-36,-1,0,10,-28,-19,18,7,0,2,3,3,3,3,377
3.89,-36,-2,0,10,-10,-8,145,23,-37,-45,0,3,3,3,377
3.88,-36,-2,0,10,46,-2,-123,336,-38,-19,2,3,3,3,377
3.89,-36,-3,1,10,-30,-25,49,93,-9,-19,2,3,3,3,378
3.88,-36,-3,0,11,28,-23,-107,295,6,-31,2,3,3,3,378
3.88,-36,-1,0,10,35,17,-49,25,-16,24,3,3,3,3,378
3.87,-36,-3,0,10,29,-10,-59,231,-5,-19,3,3,3,3,378
3.87,-36,-2,0,10,28,-2,-79,100,-37,-2,1,3,3,3,378
3.87,-36,-2,0,11,48,4,-4,337,-32,-27,0,3,3,3,378
3.87,-36,-2,0,10,29,-4,-82,217,-27,-18,1,3,3,3,378
3.87,-36,-1,0,10,-7,18,17,115,-25,20,0,3,3,3,378
3.87,-35,-3,0,11,38,-13,-101,62,-63,-29,0,3,3,3,378
3.87,-35,-2,1,9,-1,-28,-112,240,8,21,3,3,3,3,378
3.87,-35,-2,1,9,-47,12,130,205,1,6,3,3,3,3,378
3.87,-35,-2,1,10,-60,-25,55,35,27,-8,3,3,3,3,378
3.86,-35,-3,0,11,31,-34,-149,54,-53,-67,3,3,3,3,379
3.86,-35,-3,1,12,2,6,-190,175,9,24,3,3,3,3,379
3.86,-35,-2,1,11,-20,-22,-74,117,21,11,3,3,3,3,379
3.85,-35,-2,0,11,40,21,-59,306,-23,-8,1,3,3,3,379
3.85,-35,-2,0,11,8,33,43,83,-23,0,0,3,3,3,379
3.85,-35,-1,0,10,9,28,-39,57,-21,5,3,3,3,3,379
3.85,-35,-1,1,12,-38,19,46,2,27,-8,3,3,3,3,379
3.85,-35,-2,0,11,-18,6,-23,202,-3,8,0,3,3,3,379
3.85,-35,-2,1,11,-23,10,-34,227,29,10,0,3,3,3,379
3.85,-35,-2,0,11,-1,-20,17,195,6,-9,2,3,3,3,379
3.84,-35,-2,0,11,-4,-32,81,8,11,-27,1,3,3,3,379
3.84,-35,-3,0,11,55,-38,1,51,-14,-21,0,3,3,3,379
3.84,-35,-2,1,10,-14,-21,-23,186,10,0,0,3,3,3,380
3.84,-35,-3,1,12,-19,-47,-56,168,20,-21,2,3,3,3,380
3.83,-35,-2,1,11,22,-36,-117,89,11,-6,1,3,3,3,380
3.83,-35,-3,1,11,-5,-26,20,316,11,-32,2,3,3,3,380
3.83,-35,-1,1,9,-36,2,-13,151,-5,4,2,3,3,3,380
3.83,-35,-2,1,11,-41,-26,26,170,9,19,1,3,3,3,380
3.83,-35,-2,1,10,-33,37,173,277,23,20,3,3,3,3,380
3.83,-35,-3,1,12,38,56,-344,216,16,67,3,3,3,3,380
3.82,-35,-2,0,11,6,-33,1,224,0,-9,0,3,3,3,380
3.82,-35,-2,0,12,-43,9,-33,102,-8,18,3,3,3,3,380
3.82,-35,-2,0,11,-46,-1,23,55,-3,10,2,3,3,3,380
3.82,-35,-2,1,11,-5,-17,-99,275,12,0,0,3,3,3,380
3.82,-35,-2,1,10,-11,-9,-82,208,0,0,0,3,3,3,381
3.82,-35,-2,1,10,5,-29,-7,202,7,-10,0,3,3,3,381
3.81,-35,-2,1,12,-17,-24,-5,196,18,-1,0,3,3,3,381
3.81,-35,-2,1,11,-10,-30,-2,295,25,-11,0,3,3,3,381
3.81,-35,-2,1,11,-1,-28,-46,267,15,-9,0,3,3,3,381
3.81,-35,-2,1,11,-14,-32,-101,189,12,12,0,3,3,3,381
3.81,-34,-2,0,9,-19,-22,9,165,1,-8,0,3,3,3,381
3.80,-34,-2,0,9,12,-17,-18,282,-9,-9,3,3,3,3,381
3.80,-34,-2,0,11,38,-10,-50,301,-7,-47,0,3,3,3,381
3.80,-34,-2,0,11,35,1,47,291,-23,-35,0,3,3,3,381
3.80,-34,-3,1,11,6,-39,-80,319,10,-14,2,3,3,3,381
3.80,-34,-2,1,11,-29,-32,47,328,0,-7,3,3,3,3,381
3.80,-34,-2,1,11,-10,-34,10,237,4,-4,0,3,3,3,382
3.80,-34,-1,0,10,-45,8,12,137,0,15,0,3,3,3,382
3.80,-34,-2,0,10,23,-25,-80,249,0,-20,1,3,3,3,382
3.80,-34,-2,1,10,11,4,-116,182,-8,14,0,3,3,3,382
3.79,-33,-1,0,9,-21,18,10,39,-19,10,0,3,3,3,382
3.79,-33,-2,0,11,55,17,-54,34,-32,-13,1,3,3,3,382
3.79,-33,-3,0,11,50,-17,-71,81,-39,-17,3,3,3,3,382
3.79,-33,-3,1,10,0,-36,16,279,0,-19,0,3,3,3,382
3.79,-33,-3,0,11,3,-38,34,241,-17,-22,0,3,3,3,382
3.79,-33,-3,0,11,21,-13,-22,113,-21,-20,1,3,3,3,382
3.79,-32,-2,0,10,17,-28,22,64,-35,-33,2,3,3,3,382
3.79,-32,-2,1,10,-1,-28,-27,256,3,-7,0,3,3,3,382
3.78,-32,-3,0,10,14,-32,-41,225,-1,-10,0,3,3,3,383
3.78,-32,-3,1,10,2,-37,-41,186,1,-7,2,3,3,3,383
3.78,-32,-2,1,11,9,1,-159,255,31,13,2,3,3,3,383
3.79,-31,-3,1,11,5,-25,-154,185,18,11,0,3,3,3,383
3.78,-31,-2,1,11,-28,-1,-33,137,-3,5,0,3,3,3,383
3.78,-31,-2,1,11,-28,2,-108,152,-11,15,0,3,3,3,383
3.78,-31,-2,1,12,-5,21,-114,326,17,-7,3,3,3,3,383
3.78,-31,-2,0,11,-8,-19,-81,232,7,-10,0,3,3,3,383
3.79,-30,-2,0,10,49,-30,-82,191,-14,-14,1,3,3,3,383
3.78,-30,-1,1,10,-33,17,-33,199,-7,13,0,3,3,3,383
3.79,-30,-1,1,9,-13,-15,-36,151,6,11,3,3,3,3,383
3.79,-30,-2,0,12,-21,15,-31,102,9,20,0,3,3,3,383
3.79,-30,-2,0,9,-29,-21,54,122,-2,-17,2,3,3,3,384
3.79,-29,-2,0,12,-4,-15,-47,221,2,-10,3,3,3,3,384
3.79,-29,-2,0,11,75,35,-216,326,-21,9,0,3,3,3,384
3.79,-29,-2,1,10,0,-5,-107,218,-7,6,0,3,3,3,384
3.79,-29,-2,0,10,-11,-32,-20,184,17,17,1,3,3,3,384
3.79,-28,-5,1,9,-73,14,397,201,-21,-17,1,3,3,3,384
3.80,-28,-4,2,10,53,-6,-325,291,13,-3,2,3,3,3,384
3.80,-28,-2,1,9,37,-21,-73,142,-12,-8,3,3,3,3,384
3.80,-28,-3,0,11,56,-25,-222,218,-28,17,2,3,3,3,384
3.80,-27,-2,0,9,4,-6,4,298,0,-25,3,3,3,3,384
3.80,-27,-3,0,13,47,-60,-169,192,9,-12,2,3,3,3,384
3.80,-27,-2,0,8,30,11,-116,159,-29,-23,3,3,3,3,384
3.80,-27,-2,0,10,21,29,-87,224,-5,-1,0,3,3,3,385
3.80,-27,-3,0,11,29,-36,52,152,-6,-20,3,3,3,3,385
3.80,-27,-2,1,9,-26,-12,-58,257,0,3,0,3,3,3,385
3.80,-26,-2,0,8,-9,1,-8,250,-10,-2,2,3,3,3,385
3.80,-26,-2,0,9,35,-11,-34,15,-16,-13,2,3,3,3,385
3.81,-26,-2,0,9,57,-18,-171,349,-41,-39,0,3,3,3,385
3.81,-26,-2,0,9,17,-12,-136,180,-12,-13,3,3,3,3,385
3.81,-25,-2,0,11,22,-19,-7,328,-12,-14,0,3,3,3,385
3.81,-25,-2,0,9,0,-13,6,176,-6,-5,1,3,3,3,385
3.81,-25,-2,0,11,-13,20,-103,158,-13,11,0,3,3,3,385
3.82,-25,-2,1,9,0,-25,5,189,-7,-6,3,3,3,3,385
3.82,-25,-2,0,11,18,-25,-25,180,-49,10,3,3,3,3,385
3.82,-24,-2,0,9,25,-8,-44,352,-15,-12,0,3,3,3,386
3.82,-24,-1,0,10,36,33,-109,55,-20,7,0,3,3,3,386
3.82,-24,-1,0,10,-10,5,-47,257,-10,2,3,3,3,3,386
3.82,-24,-3,0,11,53,-27,-90,110,-53,38,3,3,3,3,386
3.83,-24,-2,0,10,-25,-2,-13,169,16,12,1,3,3,3,386
3.83,-24,-2,0,9,-1,-27,-14,329,-5,-5,3,3,3,3,386
3.83,-23,-3,1,10,-29,-54,131,318,4,-45,3,3,3,3,386
3.83,-23,-3,1,9,31,3,-41,268,-10,-15,0,3,3,3,386
3.83,-23,-2,0,10,2,-41,-143,40,42,-4,0,3,3,3,386
3.83,-23,-2,0,9,-10,-4,20,205,-11,-4,2,3,3,3,386
3.83,-23,-2,0,9,-35,22,163,207,-21,8,1,3,3,3,386
3.84,-22,-3,1,9,66,-23,-206,337,-18,-42,1,3,3,3,387
3.84,-22,-2,0,9,29,-3,-89,338,-34,-15,0,3,3,3,387
3.84,-22,-3,1,11,34,-9,-61,1,-2,-25,0,3,3,3,387
3.85,-22,-2,0,9,37,0,-123,21,-42,-42,0,3,3,3,387
3.85,-22,-2,1,10,-6,0,-69,116,-6,1,0,3,3,3,387
3.85,-21,-1,0,10,-8,0,12,165,-10,5,2,3,3,3,387
3.85,-21,-2,1,10,8,-9,-144,270,50,-34,2,3,3,3,387
3.86,-21,-1,0,10,3,22,54,9,-28,1,0,3,3,3,387
3.86,-21,-2,1,10,-28,12,20,13,-2,5,0,3,3,3,387
3.87,-20,-3,1,11,-25,-44,40,305,8,-21,0,3,3,3,387
3.87,-20,-3,0,10,6,-34,-40,282,-7,-11,0,3,3,3,387
3.87,-20,-3,0,10,4,-20,-78,192,-4,-2,1,3,3,3,387
3.87,-19,-2,1,10,-2,1,-86,205,-11,2,0,3,3,3,388
3.87,-19,-2,0,10,-11,-27,60,285,-2,-39,0,3,3,3,388
3.88,-19,-3,0,10,-15,-26,62,216,-7,-17,2,3,3,3,388
3.89,-19,-2,0,9,2,-9,32,355,-9,-14,2,3,3,3,388
3.89,-19,-2,0,10,33,5,0,43,-56,-20,0,3,3,3,388
3.89,-18,-3,0,11,23,-24,-44,308,-23,-58,0,3,3,3,388
3.89,-18,-2,0,10,12,-38,-35,189,-5,-10,1,3,3,3,388
3.90,-18,-2,1,9,-11,-24,-18,281,-7,-3,0,3,3,3,388
3.91,-18,-2,0,9,-6,0,10,243,-11,-5,0,3,3,3,388
3.91,-17,-3,0,11,46,-40,-129,288,15,-36,0,3,3,3,388
3.91,-17,-3,0,11,19,-40,-50,333,-3,-15,2,3,3,3,388
3.91,-17,-3,1,11,9,-25,-58,254,-3,-6,0,3,3,3,388
3.92,-16,-2,1,10,7,-13,-77,185,-7,-1,1,3,3,3,389
3.92,-16,-3,1,11,-4,-13,-144,256,11,9,0,3,3,3,389
3.93,-16,-2,1,10,0,-8,-89,142,-4,6,3,3,3,3,389
3.93,-16,-2,0,9,-5,0,67,139,-5,-4,2,3,3,3,389
3.94,-15,-2,0,10,5,5,-57,322,-14,-13,0,3,3,3,389
3.94,-15,-2,0,10,22,-31,-75,187,-7,-6,2,3,3,3,389
3.94,-15,-3,0,10,47,2,-196,122,-49,3,0,3,3,3,389
3.94,-15,-2,0,10,-12,11,94,51,-22,2,0,3,3,3,389
3.95,-15,-2,1,10,-1,-18,-82,102,-5,0,0,3,3,3,389
3.95,-14,-2,0,10,6,-9,-40,273,-9,-2,0,3,3,3,389
3.96,-14,-1,0,9,17,1,-52,5,-14,0,1,3,3,3,389
3.96,-14,-3,1,9,-106,8,319,208,10,22,2,3,3,3,389
3.96,-14,-3,0,11,8,-40,-118,156,-4,-7,3,3,3,3,390
3.96,-14,-3,0,9,25,-31,-218,179,-3,14,2,3,3,3,390
3.96,-13,-2,1,9,-47,-30,106,91,7,-26,3,3,3,3,390
3.97,-13,-2,0,10,-11,-30,-30,275,-6,3,0,3,3,3,390
3.97,-13,-3,0,11,-26,-16,-28,319,-22,-20,0,3,3,3,390
3.98,-13,-2,1,10,-16,-16,-47,135,4,0,0,3,3,3,390
3.98,-13,-2,0,10,-12,-34,-7,342,-5,-7,2,3,3,3,390
3.98,-13,-2,0,10,23,12,-130,123,-15,11,1,3,3,3,390
3.98,-13,-1,0,9,-8,0,-25,6,-9,-1,2,3,3,3,390
3.99,-13,-4,1,11,-53,-42,249,8,-12,-34,0,3,3,3,390
3.99,-13,-2,0,9,17,-16,-30,249,-13,-8,0,3,3,3,390
3.99,-12,-3,1,10,18,-49,-127,291,13,-5,1,3,3,3,390
4.00,-12,-3,1,9,20,-40,-136,233,15,3,0,3,3,3,391
4.00,-12,-2,0,8,21,-6,-114,97,-9,0,3,3,3,3,391
4.00,-12,-2,1,11,24,2,-154,293,18,-27,1,3,3,3,391
4.00,-12,-2,1,10,-10,0,-34,140,-8,3,2,3,3,3,391
4.00,-12,-1,0,11,-63,-11,52,246,5,14,3,3,3,3,391
4.01,-12,-2,0,9,12,9,-113,140,-9,18,0,3,3,3,391
4.01,-12,-2,1,10,-45,16,-11,152,3,-10,0,3,3,3,391
4.01,-11,-1,0,9,-12,4,-1,187,-11,0,0,3,3,3,391
4.02,-11,-2,0,9,31,-11,-45,147,-7,-14,2,3,3,3,391
4.02,-11,-3,1,10,25,-17,-173,7,3,-26,3,3,3,3,391
4.02,-11,-2,0,10,-1,-14,42,244,-13,-8,2,3,3,3,391
4.02,-11,-1,0,9,-24,29,63,241,-17,13,3,3,3,3,391
4.02,-11,-2,1,9,-47,3,164,267,3,0,2,3,3,3,392
4.02,-10,-2,1,9,17,-21,-217,124,8,4,3,3,3,3,392
4.03,-10,-2,0,10,-20,0,75,65,0,-7,3,3,3,3,392
4.03,-10,-1,0,9,2,4,4,139,-12,0,0,3,3,3,392
4.03,-10,-2,0,10,10,31,-37,299,-20,0,3,3,3,3,392
4.03,-10,-1,0,9,13,1,-35,88,-44,14,0,3,3,3,392
4.03,-10,-3,0,11,9,-28,-42,204,-1,-15,1,3,3,3,392
4.03,-10,-2,1,9,-20,-4,-58,58,-10,0,2,3,3,3,392
4.03,-9,-2,0,10,21,-15,0,272,-10,-9,0,3,3,3,392
4.04,-9,-2,0,10,45,-4,-103,3,-38,-18,1,3,3,3,392
4.04,-9,-1,0,8,9,-18,-22,86,-11,-4,0,3,3,3,392
4.04,-9,-2,0,9,42,6,-92,268,-31,-10,3,3,3,3,392
4.04,-9,-2,0,9,-15,-6,56,355,-10,-11,2,3,3,3,393
4.05,-9,-3,1,10,0,-12,-119,191,2,0,2,3,3,3,393
4.05,-8,-2,0,10,0,21,-24,236,-16,7,1,3,3,3,393
4.05,-8,-2,1,9,-13,8,58,206,-6,0,0,3,3,3,393
4.05,-8,-2,0,11,24,-28,-46,291,-18,-31,0,3,3,3,393
4.05,-8,-2,0,9,-2,-10,-42,55,-10,-3,3,3,3,3,393
4.05,-7,-2,0,8,7,0,-8,151,-13,-4,2,3,3,3,393
4.05,-7,-2,0,9,15,0,-54,185,-9,-2,0,3,3,3,393
4.06,-7,-2,0,9,20,-6,-76,181,-8,-1,1,3,3,3,393
4.06,-7,-2,0,10,25,-11,-22,350,-10,-8,3,3,3,3,393
4.06,-6,-3,0,11,17,-44,-114,233,31,-25,0,3,3,3,393
4.06,-6,-2,1,10,-9,0,-88,144,-9,1,0,3,3,3,393
4.07,-6,-2,1,10,-2,0,-18,292,-9,-2,1,3,3,3,394
4.07,-6,-2,0,9,5,10,-28,230,-13,-1,1,3,3,3,394
4.07,-5,-2,0,10,52,-2,-79,144,-17,-10,3,3,3,3,394
4.07,-5,-2,1,9,-10,-14,0,281,-12,-6,2,3,3,3,394
4.07,-5,-2,1,10,-46,-8,166,23,17,-25,1,3,3,3,394
4.07,-5,-2,0,10,51,-12,-156,78,-57,-10,3,3,3,3,394
4.07,-5,-2,0,9,-11,0,-3,351,-14,-2,0,3,3,3,394
4.07,-5,-2,0,10,26,1,-32,218,-16,-7,3,3,3,3,394
4.07,-5,-3,0,10,20,-20,-127,358,-16,-50,2,3,3,3,394
4.07,-5,-2,0,9,16,1,-37,293,-14,-4,3,3,3,3,394
4.07,-4,-2,0,9,-2,1,34,1,-11,-1,2,3,3,3,394
4.08,-4,-1,0,9,4,0,-17,21,-9,-1,0,3,3,3,394
4.08,-4,-2,1,11,-60,7,60,41,-53,-10,1,3,3,3,395
4.08,-4,-3,0,11,5,-19,-14,213,-8,2,0,3,3,3,395
4.09,-4,-1,0,10,34,27,-60,74,-19,-30,0,3,3,3,395
4.08,-3,-2,1,10,-41,25,111,169,-48,1,0,3,3,3,395
4.09,-3,-2,0,9,-20,-10,47,20,-12,0,2,3,3,3,395
4.09,-3,-2,0,9,-14,-9,58,292,-13,-1,1,3,3,3,395
4.09,-3,-1,1,11,-52,24,78,316,-13,-39,2,3,3,3,395
4.09,-2,-2,0,10,-36,-4,37,204,-13,2,0,3,3,3,395
4.09,-2,-3,0,10,-34,-15,27,285,-13,7,0,3,3,3,395
4.09,-2,-2,0,10,-26,-6,29,33,-13,2,2,3,3,3,395
4.09,-2,-3,0,11,-46,-27,62,214,-13,12,0,3,3,3,395
4.09,-2,-2,0,10,-7,4,38,56,-8,-4,0,3,3,3,395
4.09,-2,-2,0,10,-26,-10,7,28,-13,6,1,3,3,3,396
4.09,-1,-2,0,9,-11,2,44,243,-11,-2,3,3,3,3,396
4.09,-1,-1,0,9,3,-7,-31,17,-13,0,0,3,3,3,396
4.09,-1,-3,0,9,-3,-33,11,241,-7,61,3,3,3,3,396
4.09,-1,-2,0,9,-3,-9,20,324,-7,-1,3,3,3,3,396
4.09,-1,-2,0,9,12,3,-14,217,-15,-3,3,3,3,3,396
4.10,-1,-2,0,10,23,21,-50,155,-17,-7,3,3,3,3,396
4.10,-1,-3,0,9,25,-17,-152,229,6,10,2,3,3,3,396
4.10,-1,-2,0,9,15,-17,-48,84,2,17,1,3,3,3,396
4.10,0,-2,0,8,-38,19,192,351,-22,-24,2,3,3,3,396
4.10,0,-3,0,9,16,-20,-64,275,-8,3,0,3,3,3,396
4.10,0,-2,0,10,-17,-7,92,64,0,-2,0,3,3,3,396
4.10,1,-2,0,10,8,-11,16,295,-6,-4,0,3,3,3,397
4.10,1,-2,0,9,24,0,-93,257,-14,0,2,3,3,3,397
4.11,1,-3,0,11,0,-19,141,179,17,39,3,3,3,3,397
4.10,1,-2,0,8,-26,17,54,271,-7,4,0,3,3,3,397
4.10,2,-3,0,9,11,-3,-105,68,-4,12,2,3,3,3,397
4.11,2,-2,0,9,15,-4,-94,244,-16,7,0,3,3,3,397
4.11,2,-3,1,11,-67,33,138,173,-49,4,0,3,3,3,397
4.11,2,-2,1,9,-19,9,122,249,-18,-4,0,3,3,3,397
4.11,2,-2,0,10,-34,34,198,156,-12,-28,0,3,3,3,397
4.11,2,-2,0,9,31,12,-126,33,-22,-22,0,3,3,3,397
4.11,2,-2,0,11,-60,-16,80,262,-33,33,2,3,3,3,397
4.11,3,-3,0,10,-18,-21,207,137,10,16,2,3,3,3,397
4.11,3,-1,0,9,-8,-11,31,46,-9,0,0,3,3,3,398
4.11,3,-3,0,10,-38,-15,91,144,0,26,2,3,3,3,398
4.11,3,-2,0,9,-23,-5,-2,198,-14,9,0,3,3,3,398
4.11,3,-2,0,11,4,-1,97,45,-6,-6,3,3,3,3,398
4.11,3,-3,1,11,-24,-8,0,313,-17,0,1,3,3,3,398
4.11,4,-2,0,9,-16,-10,31,196,-10,-3,0,3,3,3,398
4.11,4,-2,0,9,-13,-10,64,320,-20,-3,1,3,3,3,398
4.11,4,-2,0,9,31,16,-91,54,-15,-18,0,3,3,3,398
4.11,4,-2,0,10,-2,5,108,12,-5,3,3,3,3,3,398
4.11,4,-3,0,9,-23,-19,140,158,-5,31,1,3,3,3,398
4.11,5,-2,0,9,-16,-16,154,283,0,13,0,3,3,3,398
4.11,5,-2,0,9,-21,19,10,328,-21,-3,2,3,3,3,398
4.11,5,-1,0,9,-1,18,65,46,-15,-16,0,3,3,3,399
4.11,5,-2,1,9,-29,1,103,150,-26,-4,0,3,3,3,399
4.11,5,-2,1,9,-34,0,95,73,-43,18,2,3,3,3,399
4.11,5,-2,0,9,-16,-13,10,255,-12,1,0,3,3,3,399
4.11,5,-3,0,10,-20,-23,60,333,-5,8,0,3,3,3,399
4.11,6,-2,0,10,-4,-23,6,169,-8,0,2,3,3,3,399
4.11,6,-2,1,9,-8,7,6,245,-13,1,3,3,3,3,399
4.12,6,-2,0,10,-9,-16,44,233,-8,1,0,3,3,3,399
4.12,7,-2,0,10,-18,19,54,231,-15,0,2,3,3,3,399
4.12,7,-2,0,9,-2,-13,-18,180,-13,2,2,3,3,3,399
4.12,7,-2,0,10,-14,-11,-3,286,-11,5,0,3,3,3,399
4.12,7,-2,1,10,-32,8,57,323,-25,0,1,3,3,3,400
4.12,7,-2,0,10,-20,-10,69,203,-8,0,1,3,3,3,400
4.12,7,-2,0,11,4,35,72,150,-13,-8,2,3,3,3,400
4.12,7,-2,1,10,-84,-22,190,110,-23,-25,3,3,3,3,400
4.12,7,-2,0,9,-4,22,-54,63,-19,-2,3,3,3,3,400
4.12,7,-2,0,9,15,20,-128,4,-5,18,2,3,3,3,400
4.12,8,-2,0,10,-21,-31,3,115,3,-7,1,3,3,3,400
4.12,8,-2,0,9,-24,-9,21,275,-10,0,2,3,3,3,400
4.12,8,-2,0,9,31,-16,-147,90,-7,11,3,3,3,3,400
4.12,8,-2,0,8,-14,-6,18,245,-12,4,0,3,3,3,400
4.12,8,-2,1,9,-25,-2,160,32,-21,29,0,3,3,3,400
4.12,8,-2,0,9,-11,16,49,6,-11,-4,2,3,3,3,400
4.12,8,-2,1,9,-9,-40,54,211,0,-5,2,3,3,3,401
4.12,9,-2,0,10,2,0,5,171,-13,-10,0,3,3,3,401
4.12,9,-2,0,8,8,3,-45,0,-10,-1,3,3,3,3,401
4.12,9,-1,0,9,22,21,-55,60,-8,-9,0,3,3,3,401
4.12,9,-1,0,10,-6,3,41,162,-12,-8,1,3,3,3,401
4.13,9,-3,0,10,-38,2,27,135,-8,11,2,3,3,3,401
4.12,9,-2,0,10,-74,-4,138,170,-30,13,0,3,3,3,401
4.12,9,-2,0,11,-55,12,111,172,-37,-10,2,3,3,3,401
4.13,10,-1,0,9,0,-2,23,63,-10,-2,3,3,3,3,401
4.13,10,-2,0,9,15,-6,-45,322,-3,-9,2,3,3,3,401
4.12,10,-2,0,10,-12,-6,-2,125,-8,-2,3,3,3,3,401
4.13,10,-3,1,10,17,-37,-226,7,19,1,1,3,3,3,401
4.13,10,-2,0,9,21,28,-47,184,-21,-3,1,3,3,3,402
4.13,10,-3,0,9,38,-44,-163,158,-5,27,3,3,3,3,402
4.13,10,-2,0,8,-2,-10,110,6,-22,-8,3,3,3,3,402
4.13,10,-3,1,8,-80,6,280,131,-14,16,2,3,3,3,402
4.13,10,-2,1,10,15,17,-201,325,-14,-16,0,3,3,3,402
4.13,10,-2,0,10,-11,15,132,303,-28,-11,2,3,3,3,402
4.13,11,-3,0,10,-10,55,321,290,-10,1,1,3,3,3,402
4.13,11,-3,0,9,-43,-21,147,82,-5,3,2,3,3,3,402
4.13,11,-2,0,10,5,-25,-2,310,-7,0,0,3,3,3,402
4.13,11,-3,0,10,-36,-12,84,270,-10,5,0,3,3,3,402
4.13,11,-2,0,9,-13,-2,-27,339,-14,2,1,3,3,3,402
4.13,11,-3,0,10,52,-22,-167,297,16,-3,3,3,3,3,402
4.13,11,-1,0,10,-7,7,-9,157,-15,-3,0,3,3,3,403
4.13,11,-2,0,11,-24,10,-12,25,-24,5,1,3,3,3,403
4.13,11,-2,0,10,-24,4,58,144,-15,-2,0,3,3,3,403
4.13,12,-2,0,10,-17,21,96,117,-21,-26,1,3,3,3,403
4.13,12,-2,1,9,-1,-9,-33,146,-14,1,2,3,3,3,403
4.13,12,-2,0,10,-30,22,39,147,-25,-3,0,3,3,3,403
4.13,12,-2,0,10,26,-18,-36,87,-6,-10,0,3,3,3,403
4.13,12,-3,0,10,-35,-7,111,152,-2,4,0,3,3,3,403
4.13,12,-2,0,9,22,-9,31,71,-7,-15,2,3,3,3,403
4.13,12,-2,0,9,-23,0,19,55,-8,1,1,3,3,3,403
4.13,13,-2,0,9,-18,11,113,173,-18,-3,3,3,3,3,403
4.13,13,-2,0,8,-40,24,90,41,-7,14,0,3,3,3,403
4.13,13,-2,1,10,33,0,-145,75,-29,-5,2,3,3,3,404
4.13,13,-2,0,9,-24,4,0,33,-16,27,0,3,3,3,404
4.13,13,-2,0,9,16,8,-61,136,-15,0,0,3,3,3,404
4.13,14,-2,1,9,-6,1,79,209,-21,0,0,3,3,3,404
4.13,14,-2,0,10,-36,-8,94,43,-19,11,0,3,3,3,404
4.13,14,-2,0,8,-25,5,109,245,-5,-5,2,3,3,3,404
4.13,14,-2,0,9,-2,18,-20,164,-16,-2,2,3,3,3,404
4.13,14,-1,0,10,-1,19,43,256,-35,-4,3,3,3,3,404
4.13,14,-2,0,9,16,-13,11,344,-8,2,0,3,3,3,404
4.13,14,-3,0,11,5,7,144,201,-5,36,0,3,3,3,404
4.13,14,-2,0,9,-14,11,128,238,-17,3,0,3,3,3,404
4.13,14,-2,0,9,-24,8,87,195,-10,0,0,3,3,3,404
4.13,14,-2,0,9,10,-7,-55,286,5,24,1,3,3,3,405
4.13,14,-1,0,9,-27,13,52,225,-16,0,2,3,3,3,405
4.13,14,-2,0,9,37,-19,-121,353,-21,16,3,3,3,3,405
4.13,14,-2,0,9,-16,18,109,245,20,3,3,3,3,3,405
4.13,14,-3,1,11,-10,-24,-196,208,-32,20,3,3,3,3,405
4.13,14,-2,0,9,-50,-14,132,350,-10,-1,3,3,3,3,405
4.13,14,-2,0,9,-11,1,205,275,27,10,3,3,3,3,405
4.13,14,0,6,3,-220,-155,645,126,9,-87,0,3,3,3,405
4.13,14,7,5,-3,0,0,0,307,52,-124,3,3,3,3,405
