4.07,19,0,0,9,0,0,0,83,-1,3,3,3,3,3,280
4.07,19,0,1,10,-16,0,-16,89,1,-8,3,3,3,3,280
4.07,19,0,1,9,1,7,28,183,0,-8,3,3,3,3,280
4.07,19,0,1,9,-34,6,-24,194,-5,-4,3,3,3,3,280
4.07,19,0,-1,9,32,1,-36,200,-1,4,3,3,3,3,280
4.07,19,0,0,10,0,5,14,199,0,1,3,3,3,3,280
4.07,19,-1,0,10,5,18,75,179,-10,0,3,3,3,3,280
4.07,19,-1,1,11,-10,7,7,175,-10,-4,3,3,3,3,280
4.07,19,0,1,12,4,15,-10,193,-2,-6,3,3,3,3,280
4.07,19,-1,3,10,-13,19,5,224,-5,-15,3,3,3,3,280
4.07,19,0,2,8,7,11,39,233,-2,-6,3,3,3,3,280
4.07,19,0,3,12,38,9,0,232,0,-15,3,3,3,3,281
4.07,20,0,0,10,28,35,7,236,1,-1,3,3,3,3,281
4.07,20,0,0,8,0,-13,23,219,4,-8,3,3,3,3,281
4.07,20,-1,1,11,-24,8,-61,241,-3,-11,3,3,3,3,281
4.07,20,-4,7,7,18,11,-1,244,-16,-45,3,3,3,3,281
4.07,20,-2,4,11,6,-16,-21,241,-7,-25,3,3,3,3,281
4.07,20,-1,0,9,-42,-17,24,250,-8,0,3,3,3,3,281
4.07,20,0,0,6,-14,-55,-16,254,-4,2,3,3,3,3,281
4.07,20,0,0,10,7,48,26,224,-5,0,3,3,3,3,281
4.07,20,-2,-2,8,-64,-33,-46,248,-19,-4,3,3,3,3,281
4.07,20,-4,4,7,-15,5,86,228,-29,-28,3,3,3,3,281
4.07,20,0,3,11,3,10,-18,237,-5,-15,3,3,3,3,281
4.07,20,-1,3,10,16,-33,-56,242,-1,-16,3,3,3,3,282
4.07,20,-1,4,7,16,-9,36,272,-2,-32,3,3,3,3,282
4.07,20,-2,8,4,-11,-20,6,290,-14,-59,3,3,3,3,282
4.07,20,-3,8,1,12,19,-18,274,-28,-77,3,3,3,3,282
4.07,20,-3,8,0,2,-10,2,280,-22,-86,3,3,3,3,282
4.07,20,-2,8,0,5,6,-4,279,-15,-86,3,3,3,3,282
4.07,20,0,0,11,18,20,242,209,-4,-4,2,3,3,3,282
4.07,20,0,0,11,1,0,74,177,19,1,3,3,3,3,282
4.07,20,0,1,10,-10,14,75,111,-5,0,0,3,3,3,282
4.07,20,0,0,9,-15,18,99,257,-2,13,2,3,3,3,282
4.07,20,0,0,9,8,7,71,231,14,-17,3,3,3,3,282
4.07,20,0,0,10,4,-3,52,176,1,-2,1,3,3,3,282
4.07,20,-1,1,10,-5,-9,-63,286,1,-3,0,3,3,3,283
4.07,20,0,1,9,-11,6,72,71,-1,-2,2,3,3,3,283
4.07,20,0,1,10,2,27,115,44,-6,-8,0,3,3,3,283
4.07,20,0,1,9,-10,-13,-81,235,-4,0,1,3,3,3,283
4.07,20,0,1,10,-8,14,25,305,-4,-3,2,3,3,3,283
4.07,20,0,0,9,-5,0,18,89,-6,-6,2,3,3,3,283
4.07,20,0,1,10,-12,0,64,237,2,-3,1,3,3,2,283
4.07,20,0,1,10,-11,9,37,325,-2,-1,3,3,3,2,283
4.07,20,0,0,9,-5,-4,36,156,-1,-2,2,3,3,2,283
4.07,20,0,0,9,-1,0,-139,161,-2,-10,3,3,3,2,283
4.07,20,0,0,10,5,20,72,211,-5,-8,2,3,3,2,283
4.07,20,0,0,10,0,6,12,62,-14,-6,2,3,3,2,283
4.07,20,0,0,9,0,0,-99,117,0,-7,3,3,3,2,284
4.07,20,0,1,9,-18,11,174,357,-2,-1,1,3,3,2,284
4.07,20,0,1,9,-7,12,164,179,-1,-1,2,3,3,2,284
4.07,20,0,0,9,1,23,77,282,-4,-3,3,3,3,2,284
4.07,20,0,0,9,-3,-2,97,247,1,-3,0,3,3,2,284
4.07,20,0,1,9,-4,7,136,294,-10,-3,0,3,3,2,284
4.07,20,0,0,9,-5,-11,-44,51,-1,-2,3,3,3,2,284
4.07,20,0,0,9,-5,-10,-65,241,0,-4,2,3,3,2,284
4.07,20,0,0,9,0,-7,-41,255,-2,0,2,3,3,2,284
4.07,20,0,0,9,6,-5,36,75,3,-8,2,3,3,2,284
4.07,20,-1,1,10,-14,1,107,179,0,0,1,3,3,2,284
4.07,20,0,1,9,-11,1,127,309,1,-1,2,3,3,2,284
4.07,20,0,1,10,-8,-12,-36,33,1,-3,2,3,3,2,285
4.07,20,0,0,9,5,-4,-51,17,-5,-19,3,3,3,2,285
4.07,20,0,0,9,6,2,74,307,4,-1,0,3,3,2,285
4.07,20,0,0,10,7,-7,-6,60,5,-3,2,3,3,2,285
4.07,20,0,0,9,-6,5,87,70,-9,-7,1,3,3,2,285
4.07,20,0,1,9,-7,-7,80,254,2,0,2,3,3,2,285
4.07,20,0,0,10,-3,3,-46,253,-2,-5,2,3,3,2,285
4.07,20,0,0,10,-1,-10,-81,190,3,4,2,3,3,2,285
4.07,20,0,0,9,-8,5,-96,259,-8,5,3,3,3,2,285
4.07,20,0,1,9,6,-12,-29,47,-3,-7,2,3,3,2,285
4.07,20,0,1,9,-10,-2,27,149,0,-3,2,3,3,2,285
4.07,20,-1,1,9,9,-15,-259,241,-12,-10,0,3,3,2,285
4.07,20,-1,1,9,13,-16,-231,31,-11,-11,0,3,3,2,286
4.07,20,0,0,9,-1,6,32,239,0,-6,2,3,3,2,286
4.07,20,0,1,10,0,7,62,232,-3,-4,3,3,3,2,286
4.07,20,-1,1,9,-4,-12,-112,295,0,-6,0,3,3,2,286
4.07,20,-1,0,9,8,-19,-158,300,-9,-11,3,3,3,2,286
4.07,20,0,1,9,-12,3,41,308,-2,-3,2,3,3,2,286
4.07,20,0,1,9,-1,-6,-68,260,0,-5,1,3,3,2,286
4.07,20,0,0,10,8,-5,58,315,2,-8,0,3,3,2,286
4.07,20,0,0,9,-7,0,26,15,0,-1,3,3,3,2,286
4.07,20,0,1,9,-9,0,112,51,-1,-1,2,3,3,2,286
4.07,20,0,0,9,-2,-10,0,220,0,-2,0,3,3,2,286
4.07,20,0,1,9,-3,-3,24,308,-3,-2,1,3,3,2,286
4.07,20,0,0,10,1,-5,29,195,1,-3,2,3,3,2,287
4.07,20,0,0,9,-2,-2,-30,220,-9,-3,3,3,3,2,287
4.07,20,0,0,9,12,9,35,178,3,-3,1,3,3,2,287
4.07,20,0,1,9,-10,21,216,148,-9,0,0,3,3,2,287
4.07,20,0,1,9,1,3,6,187,-2,-7,2,3,3,2,287
4.07,20,0,1,9,-6,5,77,62,-3,-4,1,3,3,2,287
4.07,20,0,0,9,3,-2,52,128,0,-6,2,3,3,2,287
4.07,20,0,1,10,-6,13,42,106,-4,-3,0,3,3,2,287
4.07,20,0,0,9,0,2,-44,146,-3,-6,3,3,3,2,287
4.07,20,0,0,9,-1,9,45,347,-2,-6,3,3,3,2,287
4.07,20,0,1,9,-6,9,41,152,-3,-5,2,3,3,2,287
4.07,20,0,0,9,0,7,54,224,-2,-7,2,3,3,2,287
4.07,20,0,0,9,0,7,38,77,-3,-6,0,3,3,2,288
4.07,20,0,0,9,0,13,57,194,-3,-5,2,3,3,2,288
4.07,20,0,0,9,-1,10,58,20,-3,-5,2,3,3,2,288
4.07,20,0,0,9,3,8,-8,127,-2,-6,3,3,3,2,288
4.07,20,0,0,10,-3,12,44,310,-3,-5,3,3,3,2,288
4.07,20,0,0,9,0,7,12,129,-2,-4,1,3,3,2,288
4.07,20,0,0,9,0,10,109,175,1,-10,1,3,3,2,288
4.07,20,0,1,10,-4,5,33,112,-2,-3,0,3,3,2,288
4.07,20,0,0,9,2,1,75,98,1,-8,2,3,3,2,288
4.07,20,0,1,9,-4,3,38,89,-3,-3,2,3,3,2,288
4.07,19,0,0,9,2,4,-11,106,-1,-6,2,3,3,2,288
4.07,19,0,1,9,-9,13,68,328,-4,-4,3,3,3,2,288
4.07,19,0,0,10,1,4,-22,79,-3,-7,0,3,3,2,289
4.07,19,0,0,9,2,9,78,192,-1,-9,2,3,3,2,289
4.07,19,0,1,9,-6,2,11,122,-3,-5,1,3,3,2,289
4.07,19,0,0,9,5,11,32,165,-4,-8,1,3,3,2,289
4.07,19,0,1,9,-3,16,106,353,-7,-7,3,3,3,2,289
4.07,19,0,1,9,6,9,-32,144,-4,-8,1,3,3,2,289
4.07,19,0,0,9,-1,12,37,225,-3,-9,1,3,3,2,289
4.07,19,0,0,10,3,2,-48,41,-2,-6,0,3,3,2,289
4.07,19,0,1,9,-3,15,76,263,-4,-5,2,3,3,2,289
4.07,19,0,0,9,-4,4,-33,42,-3,-6,0,3,3,2,289
4.07,19,0,0,9,0,10,83,118,-3,-8,1,3,3,2,289
4.07,19,0,0,9,-6,4,-35,43,-3,-3,3,3,3,2,289
4.07,19,0,0,10,-2,10,87,99,-3,-9,3,3,3,2,290
4.07,19,0,0,10,-2,9,27,291,-3,-5,3,3,3,2,290
4.07,19,0,0,9,2,0,-11,82,-2,-6,2,3,3,2,290
4.07,19,0,0,9,0,9,86,229,-1,-6,2,3,3,2,290
4.07,19,0,1,10,-7,8,0,121,-5,-3,0,3,3,2,290
4.07,19,0,1,9,-10,6,35,4,-2,-3,3,3,3,2,290
4.07,19,0,1,9,0,4,70,102,-6,-7,3,3,3,2,290
4.07,19,0,0,9,2,1,0,104,0,-4,1,3,3,2,290
4.07,19,0,0,9,-3,0,64,241,0,-2,0,3,3,2,290
4.07,18,0,1,9,-7,4,74,253,-3,-3,2,3,3,2,290
4.07,18,0,0,10,1,8,104,280,0,-9,3,3,3,2,290
4.07,19,0,0,9,0,-3,-29,69,0,-3,3,3,3,2,290
4.07,18,0,1,9,0,7,4,235,-4,-3,0,3,3,2,291
4.07,18,0,1,9,-8,2,-31,248,-5,-4,2,3,3,2,291
4.07,18,0,0,9,4,7,74,300,0,-7,1,3,3,2,291
4.07,18,0,1,10,-8,0,45,214,-3,-3,3,3,3,2,291
4.07,18,0,1,9,-2,9,164,330,0,-1,1,3,3,2,291
4.07,18,0,1,9,-7,15,100,279,-3,-3,3,3,3,2,291
4.07,18,0,0,10,8,-1,-62,71,-3,-7,2,3,3,2,291
4.07,18,0,0,10,-4,0,-29,81,-1,-3,3,3,3,2,291
4.07,18,0,0,9,-1,1,30,188,0,-4,3,3,3,2,291
4.07,18,0,0,9,-7,10,86,30,-4,-5,2,3,3,2,291
4.07,18,0,0,10,5,3,51,94,-1,-6,2,3,3,2,291
4.07,18,0,1,9,-6,5,39,22,-3,-3,2,3,3,2,291
4.07,18,0,0,9,-4,11,25,10,-5,-6,2,3,3,2,292
4.07,18,0,0,10,1,4,39,87,-1,-5,3,3,3,2,292
4.07,18,0,1,9,-4,0,-13,94,-1,-3,2,3,3,2,292
4.07,18,0,0,9,-2,15,107,143,-6,-8,2,3,3,2,292
4.07,17,0,0,9,-2,1,1,346,-2,-4,3,3,3,2,292
4.07,18,0,0,9,1,-6,-7,304,0,-4,2,3,3,2,292
4.07,17,0,0,9,2,3,-11,100,-1,-4,3,3,3,2,292
4.07,17,0,1,9,1,-4,28,291,0,-4,3,3,3,2,292
4.07,17,0,1,9,-8,13,176,24,-6,-3,2,3,3,2,292
4.07,17,0,0,9,0,0,9,65,0,-4,3,3,3,2,292
4.07,17,0,1,9,-5,0,6,63,-1,-4,1,3,3,2,292
4.07,17,0,1,9,2,9,5,169,-3,-6,1,3,3,2,293
4.07,17,0,0,9,0,5,109,267,0,-14,0,3,3,2,293
4.07,17,0,1,9,0,17,150,174,-6,-10,3,3,3,2,293
4.07,17,0,0,9,-1,0,6,357,-2,-5,3,3,3,2,293
4.07,17,0,0,9,1,-7,-20,338,0,-4,2,3,3,2,293
4.07,17,0,0,9,1,-4,-3,166,1,-3,3,3,3,2,293
4.07,17,0,0,9,-2,2,100,209,0,-5,3,3,3,2,293
4.07,17,0,0,9,-2,8,36,22,-2,-5,0,3,3,2,293
4.07,16,0,0,9,-6,12,40,206,-3,-4,2,3,3,2,293
4.07,16,0,0,9,4,5,32,339,-1,-7,1,3,3,2,293
4.07,16,0,0,9,-2,7,94,193,-3,-6,3,3,3,2,293
4.07,16,0,0,9,2,10,-9,23,-3,-7,1,3,3,2,293
4.07,16,0,0,9,0,8,60,143,-3,-7,2,3,3,2,294
4.07,16,0,0,9,-5,8,75,25,-3,-4,3,3,3,2,294
4.07,16,0,0,9,0,11,108,80,-2,-8,3,3,3,2,294
4.07,16,0,0,9,1,-1,-31,334,-1,-6,2,3,3,2,294
4.07,16,0,0,9,-1,6,45,205,-2,-5,1,3,3,2,294
4.07,16,0,0,10,2,8,20,16,-3,-5,2,3,3,2,294
4.07,16,0,0,9,0,-1,-38,148,0,-6,2,3,3,2,294
4.07,16,0,0,9,-4,5,91,117,-1,-3,0,3,3,2,294
4.07,16,0,0,9,-1,6,74,149,-3,-4,3,3,3,2,294
4.07,15,0,1,10,-17,10,61,210,-2,-2,3,3,3,2,294
4.07,15,0,1,9,-5,10,95,105,-1,-4,2,3,3,2,294
4.07,15,0,0,9,-4,4,50,155,-2,-8,3,3,3,2,294
4.07,15,0,1,9,-2,9,46,30,-3,-5,2,3,3,2,295
4.07,15,0,0,9,-3,5,73,83,-2,-7,2,3,3,2,295
4.07,15,0,1,9,1,3,-56,48,-2,-5,0,3,3,2,295
4.07,15,0,0,9,2,-1,-13,43,0,-7,3,3,3,2,295
4.07,15,0,0,9,-2,-2,-3,300,0,-2,3,3,3,2,295
4.07,15,0,1,10,-9,0,-33,52,-2,-3,3,3,3,2,295
4.07,15,0,0,10,3,1,-12,119,-2,-6,3,3,3,2,295
4.07,15,0,0,9,-2,-1,46,320,0,-7,2,3,3,2,295
4.07,15,0,0,9,-6,1,43,194,-1,-5,3,3,3,2,295
4.07,15,0,1,9,0,-1,-17,52,0,-5,1,3,3,2,295
4.07,14,0,0,9,-3,6,65,280,-4,-5,1,3,3,2,295
4.07,14,0,1,9,-3,8,31,66,-5,-5,2,3,3,2,295
4.07,14,0,0,9,0,0,0,339,0,-4,1,3,3,2,296
4.07,14,0,1,9,-8,8,78,283,-1,-1,2,3,3,2,296
4.07,14,0,0,9,1,11,62,37,-4,-7,1,3,3,2,296
4.07,14,0,0,9,3,-3,29,207,-1,-3,3,3,3,2,296
4.07,14,0,1,9,-2,0,26,245,-1,-2,2,3,3,2,296
4.07,14,0,0,9,-1,9,46,326,-1,-9,3,3,3,2,296
4.07,14,0,1,10,1,11,22,110,-7,-6,0,3,3,2,296
4.07,14,0,0,9,-4,9,56,199,-5,-9,1,3,3,2,296
4.07,13,0,0,9,-9,8,109,23,-5,-2,2,3,3,2,296
4.07,13,0,0,9,-2,7,70,48,-4,-6,2,3,3,2,296
4.07,13,0,0,10,9,-8,-59,2,0,-7,3,3,3,2,296
4.07,13,0,0,9,4,-7,-58,325,-1,-7,1,3,3,2,296
4.07,13,0,0,10,-4,-8,-15,127,0,-3,3,3,3,2,297
4.07,13,0,0,9,0,5,-5,240,-3,-5,3,3,3,2,297
4.07,13,0,1,9,0,7,86,5,-3,-7,1,3,3,2,297
4.07,13,0,1,9,0,7,64,213,-2,-8,1,3,3,2,297
4.07,13,0,0,9,-7,2,70,54,-4,-4,2,3,3,2,297
4.07,13,0,0,9,4,5,-23,330,-2,-6,3,3,3,2,297
4.07,13,0,0,9,-3,10,86,138,-5,-4,3,3,3,2,297
4.07,13,0,0,9,-4,5,31,180,-3,-6,2,3,3,2,297
4.07,12,0,0,9,0,18,96,225,-6,-8,2,3,3,2,297
4.07,12,0,0,9,-2,3,72,29,-2,-2,3,3,3,2,297
4.07,12,0,1,9,-5,-1,-53,10,-4,-4,3,3,3,2,297
4.07,12,0,0,9,3,-3,10,6,2,-3,2,3,3,2,297
4.07,12,0,0,10,0,0,82,86,-1,-2,3,3,3,2,298
4.07,12,0,0,9,-5,0,68,191,-2,1,3,3,3,2,298
4.07,12,0,0,9,0,14,-40,105,-4,-11,3,3,3,2,298
4.07,12,0,0,9,-2,4,73,265,-5,-6,3,3,3,2,298
4.07,12,0,0,9,0,-7,-33,86,0,-5,3,3,3,2,298
4.07,12,0,1,9,1,-12,-100,51,0,-4,2,3,3,2,298
4.07,12,0,1,9,0,-11,-75,4,-2,-5,2,3,3,2,298
4.07,11,0,1,9,-5,-7,-11,247,0,-3,2,3,3,2,298
4.07,11,0,0,9,2,0,-9,287,-1,-5,2,3,3,2,298
4.07,11,0,0,9,3,2,50,194,-3,-7,2,3,3,2,298
4.07,11,-1,0,9,-9,21,170,46,11,-9,3,3,3,2,298
4.07,11,0,1,10,-25,-4,195,358,1,0,1,3,3,2,298
4.07,11,-1,1,9,-9,8,122,242,9,-12,3,3,3,2,299
4.07,11,0,0,9,-6,10,71,88,-6,-4,3,3,3,2,299
4.07,11,0,1,9,6,-14,-132,350,0,-7,2,3,3,2,299
4.07,11,0,0,10,10,-17,-96,351,1,-11,0,3,3,2,299
4.07,10,0,0,8,2,-4,-100,137,4,0,2,3,3,2,299
4.07,10,0,1,9,6,-16,-81,266,-4,-4,0,3,3,2,299
4.07,10,0,0,10,-10,-4,3,343,2,0,1,3,3,2,299
4.07,10,0,1,9,-7,5,69,293,0,-3,1,3,3,2,299
4.07,10,0,1,9,-6,2,34,103,-3,-4,2,3,3,2,299
4.07,10,0,0,9,3,0,10,236,-3,-2,2,3,3,2,299
4.07,10,0,0,10,6,-5,-69,1,0,-7,2,3,3,2,299
4.07,10,0,1,9,1,-3,-18,334,-1,-4,2,3,3,2,299
4.07,10,0,0,9,-1,-3,-23,118,0,-3,3,3,3,2,300
4.07,9,0,0,9,0,-2,-29,5,0,-3,2,3,3,2,300
4.07,9,0,0,10,2,0,-18,63,-1,0,2,3,3,2,300
4.07,9,0,0,9,-3,0,2,33,0,-3,2,3,3,2,300
4.07,9,0,0,9,9,-9,-72,168,0,-6,3,3,3,2,300
4.07,9,0,0,9,-4,-1,-31,7,-1,-4,3,3,3,2,300
4.07,9,0,0,9,0,-2,-34,326,0,-4,3,3,3,2,300
4.07,9,0,0,9,7,2,-48,102,-3,-5,0,3,3,2,300
4.07,9,0,0,9,1,-7,-34,144,0,-5,3,3,3,2,300
4.07,8,0,1,9,2,0,-74,37,-4,-5,3,3,3,2,300
4.07,8,0,1,10,-5,-1,11,166,-1,-2,3,3,3,2,300
4.07,8,0,0,9,-6,5,40,223,-1,-3,2,3,3,2,300
4.07,8,0,0,10,8,-2,8,236,-2,-6,1,3,3,2,301
4.07,8,0,0,9,3,-7,-56,39,0,-5,0,3,3,2,301
4.07,8,0,0,9,3,-14,-75,165,1,-5,2,3,3,2,301
4.07,8,0,0,9,-5,-1,29,34,1,-4,1,3,3,2,301
4.07,8,0,0,9,-10,-1,25,0,-1,-5,3,3,3,2,301
4.07,8,0,0,10,-5,-3,9,9,0,-3,3,3,3,2,301
4.07,8,0,0,10,0,-2,-35,220,0,-2,3,3,3,2,301
4.07,7,0,1,9,-1,-2,-78,168,-1,-2,0,3,3,2,301
4.07,7,0,1,10,-19,6,39,55,-5,-1,2,3,3,2,301
4.07,7,0,1,9,3,7,70,239,-3,-4,3,3,3,2,301
4.07,7,0,0,9,-5,7,22,309,-3,-4,3,3,3,2,301
4.07,7,0,0,9,1,6,63,49,-4,-5,3,3,3,2,301
4.07,7,0,0,9,-2,-5,3,306,-1,-5,0,3,3,2,302
4.07,7,0,0,9,4,-3,-65,276,-3,-4,2,3,3,2,302
4.07,7,0,0,9,-1,-4,-69,253,-3,-1,3,3,3,2,302
4.07,7,0,0,8,0,-6,-109,272,-2,-7,2,3,3,2,302
4.07,6,0,0,9,-1,0,-10,151,0,-2,1,3,3,2,302
4.07,6,0,0,10,-5,0,42,177,1,-3,3,3,3,2,302
4.07,6,0,1,9,-8,0,-25,70,0,-5,1,3,3,2,302
4.07,6,0,0,9,-4,2,56,209,-6,0,3,3,3,2,302
4.07,6,0,0,9,0,-1,-20,304,1,-6,3,3,3,2,302
4.07,6,0,0,9,-7,1,46,230,0,-1,3,3,3,2,302
4.07,6,0,0,9,0,2,59,301,0,-5,2,3,3,2,302
4.06,5,0,0,10,2,4,-25,297,-3,-4,3,3,3,2,302
4.07,5,0,1,9,-6,2,38,327,-1,-1,3,3,3,2,303
4.07,5,0,1,8,-3,-6,-43,34,-3,-3,3,3,3,2,303
4.07,5,0,1,10,-2,7,81,32,-9,-9,2,3,3,2,303
4.07,5,0,0,9,-3,12,106,192,-6,-9,3,3,3,2,303
4.07,5,0,0,9,0,1,39,231,0,-3,2,3,3,2,303
4.07,5,0,1,10,-4,0,7,154,-4,-4,2,3,3,2,303
4.07,5,0,0,9,4,-3,-31,186,-2,-5,2,3,3,2,303
4.07,4,0,0,9,0,-6,-89,45,-2,-5,2,3,3,2,303
4.07,5,0,0,9,-1,-9,-45,333,0,-3,1,3,3,2,303
4.07,4,0,0,9,2,-15,-45,331,1,-9,1,3,3,2,303
4.07,4,0,0,9,6,-14,-34,218,1,-5,1,3,3,2,303
4.07,4,-1,1,10,1,0,26,182,-1,-5,2,3,3,2,303
4.06,4,0,1,9,-3,1,-6,160,-3,-3,2,3,3,2,304
4.07,4,0,0,9,-11,-7,-6,300,3,-1,3,3,3,2,304
4.07,4,0,0,9,8,8,70,50,-2,-2,2,3,3,2,304
4.06,4,0,0,9,-2,0,-23,24,-1,-5,2,3,3,2,304
4.06,3,0,0,10,-3,-7,-17,165,1,-4,3,3,3,2,304
4.07,3,0,1,9,2,-10,-58,142,0,-6,3,3,3,2,304
4.07,3,0,0,9,0,-1,-7,107,-3,-3,1,3,3,2,304
4.06,3,0,0,9,1,5,22,195,-2,-4,2,3,3,2,304
4.06,3,0,0,9,-3,-11,-58,307,0,-2,2,3,3,2,304
4.06,3,0,0,9,2,-6,-122,307,0,-6,2,3,3,2,304
4.06,2,0,0,9,-1,-11,-37,232,2,-4,1,3,3,2,304
4.06,2,0,1,9,3,-10,-2,255,0,-5,2,3,3,2,304
4.06,2,0,0,9,0,-6,-9,15,0,-1,0,3,3,2,305
4.06,2,0,1,9,-6,-5,15,30,0,-3,2,3,3,2,305
4.06,2,0,1,9,0,1,52,57,-2,-6,3,3,3,2,305
4.06,2,0,1,8,-2,15,150,187,2,2,2,3,3,2,305
4.06,2,0,1,9,6,14,110,352,-7,-15,1,3,3,2,305
4.06,2,0,1,10,-13,2,68,154,0,-1,0,3,3,2,305
4.06,1,0,0,9,8,-12,-144,109,-2,-14,2,3,3,2,305
4.06,1,0,0,9,12,-11,-62,73,-1,-7,1,3,3,2,305
4.06,1,0,0,9,1,-8,-86,74,-4,-4,2,3,3,2,305
4.06,1,0,0,9,-1,4,-45,74,-6,-4,2,3,3,2,305
4.06,1,0,0,9,-11,4,38,161,-2,-3,3,3,3,2,305
4.06,1,0,0,9,-5,5,35,316,-3,-1,2,3,3,2,305
4.06,1,0,0,9,5,6,-7,233,-5,-4,2,3,3,2,306
4.06,0,0,0,9,-1,-3,-8,324,1,-6,2,3,3,2,306
4.06,0,0,1,9,3,-2,-25,350,-1,-8,2,3,3,2,306
4.06,0,0,1,9,-10,12,130,139,-3,0,3,3,3,2,306
4.06,0,0,0,9,-4,16,95,40,-3,-6,1,3,3,2,306
4.06,-1,0,0,9,0,9,61,359,-1,-2,1,3,3,2,306
4.06,-1,0,0,9,0,-2,22,62,0,-5,3,3,3,2,306
4.06,-1,0,0,9,0,-4,-15,96,-2,-5,3,3,3,2,306
4.06,-1,0,0,9,2,-9,-38,293,1,-5,2,3,3,2,306
4.06,-1,0,1,9,-1,-8,-113,195,0,-4,2,3,3,2,306
4.06,-1,0,1,8,1,-14,-103,225,-2,-4,1,3,3,2,306
4.06,-1,0,0,9,-1,-3,-33,94,0,-2,3,3,3,2,307
4.06,-2,0,0,10,2,3,21,232,-2,-7,3,3,3,2,307
4.06,-2,0,1,9,-1,18,98,306,-4,-10,0,3,3,2,307
4.06,-2,0,0,9,2,3,105,128,1,-8,2,3,3,2,307
4.06,-2,0,1,9,-7,12,132,313,3,-7,3,3,3,2,307
4.06,-2,0,0,9,-3,-2,62,239,1,-1,1,3,3,2,307
4.06,-2,0,0,9,-4,1,33,158,-2,-3,3,3,3,2,307
4.06,-2,0,0,9,-9,0,22,217,-1,-1,3,3,3,2,307
4.06,-2,0,1,9,-6,3,27,170,-3,-4,2,3,3,2,307
4.06,-3,0,0,9,-1,14,109,162,-5,-6,2,3,3,2,307
4.06,-3,0,0,9,-1,9,45,149,-3,-6,3,3,3,2,307
4.06,-3,0,0,9,-5,8,41,245,-4,-4,3,3,3,2,307
4.06,-3,0,1,9,-5,13,58,212,-5,-8,2,3,3,2,308
4.06,-3,0,0,9,-8,2,39,340,-3,-3,3,3,3,2,308
4.05,-3,0,0,9,2,0,-66,226,-1,-6,0,3,3,2,308
4.06,-3,0,0,9,1,-17,-80,204,1,-5,0,3,3,2,308
4.06,-3,0,1,9,0,-2,-9,240,-2,-8,2,3,3,2,308
4.06,-3,0,0,9,3,-4,-68,67,1,-9,0,3,3,2,308
4.06,-4,0,1,10,0,-12,-18,2,4,-7,2,3,3,2,308
4.05,-4,0,1,10,-1,-18,-79,302,1,-3,1,3,3,2,308
4.06,-4,0,1,9,-1,-10,-103,239,0,-8,2,3,3,2,308
4.06,-4,0,0,10,-3,-2,1,45,-2,-2,2,3,3,2,308
4.06,-4,0,0,10,2,10,126,229,-1,-6,3,3,3,2,308
4.06,-4,0,0,9,-3,3,11,12,1,-5,1,3,3,2,308
4.05,-4,0,0,10,-5,7,66,243,-2,-2,3,3,3,2,309
4.06,-4,0,0,9,-2,0,60,293,-4,-4,3,3,3,2,309
4.06,-5,0,0,9,-5,12,77,290,-4,-3,3,3,3,2,309
4.06,-5,0,1,9,-4,13,62,345,-3,-4,3,3,3,2,309
4.06,-5,0,1,9,-2,-7,-96,35,0,-8,3,3,3,2,309
4.05,-5,0,1,9,8,-5,-91,82,-5,-8,3,3,3,2,309
4.06,-5,0,1,9,-5,-7,-36,305,0,-3,2,3,3,2,309
4.05,-5,0,1,9,0,-11,-71,20,-2,-4,3,3,3,2,309
4.05,-5,0,0,9,1,-4,-78,357,-7,-4,2,3,3,2,309
4.06,-5,0,0,8,-8,4,39,139,-2,0,1,3,3,2,309
4.05,-5,0,0,9,-8,3,45,161,-2,-1,2,3,3,2,309
4.05,-5,0,0,9,-8,7,70,247,-4,-2,1,3,3,2,309
4.05,-6,0,0,9,3,-3,-84,117,-3,-7,2,3,3,2,310
4.05,-6,0,0,9,8,-6,6,54,0,-5,1,3,3,2,310
4.05,-6,0,0,9,0,0,2,100,0,-2,1,3,3,2,310
4.06,-6,0,1,9,8,0,-74,350,-10,-9,3,3,3,2,310
4.05,-6,0,0,9,13,-7,-109,279,0,-6,2,3,3,2,310
4.05,-6,0,1,10,-1,4,35,193,-5,-3,0,3,3,2,310
4.05,-6,0,0,9,4,-13,-131,63,4,-6,1,3,3,2,310
4.05,-6,0,0,10,4,5,-21,133,-3,-5,3,3,3,2,310
4.05,-6,0,1,9,-2,-1,36,292,0,-8,0,3,3,2,310
4.05,-7,0,1,10,-3,-17,-85,259,3,-12,0,3,3,2,310
4.05,-7,0,1,9,-2,-27,-118,190,7,-7,3,3,3,2,310
4.05,-7,0,1,9,6,-7,-6,154,1,-7,3,3,3,2,310
4.05,-7,0,0,8,-6,-11,-66,56,2,-5,2,3,3,2,311
4.05,-7,0,1,8,3,-3,-102,349,-2,-5,3,3,3,2,311
4.05,-7,0,1,9,-5,4,73,266,0,-4,3,3,3,2,311
4.05,-7,0,1,9,-4,7,120,228,2,-10,2,3,3,2,311
4.05,-7,0,0,9,-6,8,86,70,0,0,3,3,3,2,311
4.05,-7,0,1,9,-6,8,89,55,0,-6,1,3,3,2,311
4.05,-7,0,0,9,0,1,33,111,0,-7,2,3,3,2,311
4.05,-8,0,0,9,-1,-7,-42,10,0,-6,2,3,3,2,311
4.05,-8,0,0,9,0,-1,-40,153,-1,-2,2,3,3,2,311
4.05,-8,0,0,9,0,-4,-46,46,-1,-3,3,3,3,2,311
4.05,-8,0,0,9,1,-3,-50,339,-1,-3,2,3,3,2,311
4.05,-8,0,0,9,1,-4,-65,239,-2,-4,3,3,3,2,311
4.05,-8,0,0,9,5,-10,-32,84,0,-5,3,3,3,2,312
4.05,-8,0,0,9,2,1,14,130,-1,-2,2,3,3,2,312
4.05,-8,0,0,10,-4,9,43,66,-5,-2,0,3,3,2,312
4.05,-8,0,1,9,-5,-18,-48,208,0,-7,3,3,3,2,312
4.05,-9,0,1,9,1,-21,-137,155,5,-9,1,3,3,2,312
4.05,-9,0,1,9,-5,-7,-48,62,2,-5,1,3,3,2,312
4.05,-9,0,0,10,-6,5,-119,212,-8,-4,2,3,3,2,312
4.05,-9,0,0,10,4,8,45,212,0,-6,2,3,3,2,312
4.05,-9,0,1,9,-3,21,136,27,-7,-9,1,3,3,2,312
4.05,-9,0,0,10,3,12,63,18,-4,-7,2,3,3,2,312
4.05,-9,0,0,9,0,19,108,118,-4,-6,2,3,3,2,312
4.05,-9,0,0,10,-5,11,47,233,-4,-6,2,3,3,2,312
4.05,-9,0,1,10,1,15,66,255,-7,-8,3,3,3,2,313
4.05,-9,0,1,9,-6,13,66,314,-5,-6,3,3,3,2,313
4.05,-9,0,0,9,-8,12,-18,75,-8,-4,2,3,3,2,313
4.05,-9,0,1,9,-9,6,-1,169,-3,-5,0,3,3,2,313
4.05,-10,0,1,9,3,-9,-83,200,-5,-10,1,3,3,2,313
4.05,-10,0,0,10,-5,-16,-13,53,2,-5,3,3,3,2,313
4.05,-10,0,1,9,2,-12,10,87,-2,-8,3,3,3,2,313
4.05,-10,0,1,9,3,-16,-117,291,2,-7,2,3,3,2,313
4.05,-10,0,0,9,1,-6,7,260,1,-5,3,3,3,2,313
4.05,-10,0,1,9,-3,-11,-64,222,0,-3,2,3,3,2,313
4.05,-10,0,0,10,1,-1,15,12,0,-3,3,3,3,2,313
4.05,-10,0,0,9,-8,2,7,6,-1,-1,3,3,3,2,313
4.05,-10,0,0,9,-4,5,78,33,-5,-6,3,3,3,2,314
4.05,-10,0,0,10,-3,12,85,44,-6,-6,2,3,3,2,314
4.05,-11,0,0,9,3,9,79,64,-1,-8,3,3,3,2,314
4.05,-11,0,0,9,-2,5,18,308,-4,-3,3,3,3,2,314
4.05,-11,0,1,9,-4,-6,-43,319,0,-4,3,3,3,2,314
4.05,-11,0,1,9,0,-14,-109,287,1,-8,0,3,3,2,314
4.05,-11,0,0,10,7,-5,-34,283,0,-7,1,3,3,2,314
4.05,-11,0,0,10,-5,5,-21,63,-3,-1,2,3,3,2,314
4.05,-11,0,0,9,6,1,-9,108,-2,-7,3,3,3,2,314
4.05,-11,0,1,9,-6,4,96,353,-3,-4,3,3,3,2,314
4.05,-11,0,0,9,0,8,73,295,0,-6,3,3,3,2,314
4.05,-11,0,0,9,1,6,20,82,-4,-5,3,3,3,2,314
4.05,-11,0,0,10,-1,0,-38,92,-1,-2,1,3,3,2,315
4.05,-11,0,0,9,5,0,-53,331,-4,-3,2,3,3,2,315
4.05,-11,0,0,10,4,-3,-113,234,-5,-4,3,3,3,2,315
4.05,-12,0,0,10,3,2,-77,124,-5,-3,3,3,3,2,315
4.05,-12,0,0,9,9,-5,-72,51,0,-6,0,3,3,2,315
4.05,-12,0,0,9,3,-1,-41,183,0,-7,0,3,3,2,315
4.05,-12,0,0,10,6,-16,-14,215,2,-6,2,3,3,2,315
4.05,-12,0,1,9,0,-14,-114,36,6,-8,0,3,3,2,315
4.05,-12,0,0,9,4,-14,-28,5,1,-7,3,3,3,2,315
4.05,-12,0,1,10,-5,0,-76,191,-1,-3,1,3,3,2,315
4.05,-12,0,0,8,0,5,37,314,-6,-6,2,3,3,2,315
4.05,-12,0,1,9,-3,7,90,241,0,-7,2,3,3,2,315
4.05,-12,0,0,9,0,20,149,321,-5,2,2,3,3,2,316
4.05,-12,0,1,9,1,0,102,115,3,-12,3,3,3,2,316
4.05,-12,0,0,9,2,3,-7,209,-2,-4,3,3,3,2,316
4.05,-13,0,0,10,3,0,-68,107,-10,-4,1,3,3,2,316
4.05,-13,0,1,9,5,-8,-113,334,-8,-2,0,3,3,2,316
4.05,-13,0,0,10,-9,-7,-9,150,2,0,2,3,3,2,316
4.05,-13,0,1,9,9,-17,-87,150,1,-11,3,3,3,2,316
4.05,-13,0,1,9,0,-6,-71,4,1,-6,1,3,3,2,316
4.05,-13,0,0,9,-1,-7,-59,287,-1,-5,2,3,3,2,316
4.05,-13,0,0,9,0,-3,-2,93,0,-5,2,3,3,2,316
4.05,-13,0,0,9,3,-2,7,341,0,-6,2,3,3,2,316
4.05,-13,0,1,9,-4,12,43,220,-4,-4,2,3,3,2,316
4.05,-13,0,1,10,1,12,130,184,4,-14,3,3,3,2,317
4.05,-13,0,0,9,-6,4,15,63,-3,-4,2,3,3,2,317
4.05,-13,0,1,9,4,10,45,45,-4,-8,1,3,3,2,317
4.05,-13,0,1,9,-9,8,44,160,-4,-5,0,3,3,2,317
4.05,-13,0,1,10,-3,17,71,164,-5,-9,2,3,3,2,317
4.05,-13,0,0,9,-7,13,55,313,-5,-2,3,3,3,2,317
4.05,-14,0,1,9,-4,-8,-25,2,-2,-6,1,3,3,2,317
4.05,-14,0,0,9,2,-11,-24,226,2,-3,2,3,3,2,317
4.05,-14,0,1,9,-8,-6,-79,166,-4,-1,0,3,3,2,317
4.05,-14,0,0,9,-7,7,92,234,-2,-1,2,3,3,2,317
4.05,-14,0,0,9,3,8,73,120,2,-10,3,3,3,2,317
4.05,-14,0,0,9,-10,10,33,272,-4,-5,1,3,3,2,317
4.05,-14,0,1,9,-8,17,115,22,-7,-7,1,3,3,2,318
4.05,-14,0,0,9,-3,4,26,18,-3,-7,3,3,3,2,318
4.05,-14,0,0,9,-8,11,80,140,-6,-4,1,3,3,2,318
4.05,-14,0,1,9,-3,9,21,154,-3,-6,3,3,3,2,318
4.05,-14,0,1,9,-8,10,81,292,-6,-3,2,3,3,2,318
4.05,-14,0,1,9,-10,12,36,326,-4,-4,3,3,3,2,318
4.05,-14,0,1,10,-1,18,81,22,-6,-8,1,3,3,2,318
4.05,-14,0,0,10,0,10,70,130,-4,-4,2,3,3,2,318
4.05,-14,0,0,9,-4,-13,-58,245,0,-3,2,3,3,2,318
4.05,-14,0,1,9,0,-10,-114,200,-4,-8,1,3,3,2,318
4.05,-14,0,0,9,8,-11,-39,105,1,-7,3,3,3,2,318
4.05,-15,0,0,9,1,7,-88,208,-3,-4,2,3,3,2,318
4.05,-15,0,1,10,-4,1,-49,107,-11,3,0,3,3,2,319
4.05,-15,0,1,10,-18,22,106,126,-9,2,0,3,3,2,319
4.05,-15,0,0,9,10,5,22,185,-5,-11,3,3,3,2,319
4.05,-15,0,0,11,-33,1,60,299,0,1,2,3,3,3,319
4.05,-15,-1,1,9,0,-4,-56,72,-8,-4,0,3,3,3,319
4.05,-15,0,0,9,-19,4,84,167,-4,5,3,3,3,3,319
4.05,-15,0,1,9,-6,1,114,285,-2,0,2,3,3,3,319
4.05,-15,0,1,9,5,1,60,162,0,-7,3,3,3,2,319
4.05,-15,0,0,10,0,10,0,246,-5,-6,2,3,3,2,319
4.05,-15,0,1,9,-3,-4,-36,330,0,-5,3,3,3,2,319
4.05,-15,0,0,9,4,-12,-104,276,1,-7,2,3,3,2,319
4.05,-15,0,0,10,6,-7,-40,281,0,-8,2,3,3,2,320
4.05,-15,0,0,9,-3,-6,17,227,0,-5,3,3,3,2,320
4.05,-15,0,1,9,7,-6,-105,130,0,-8,1,3,3,2,320
4.05,-15,0,1,9,-8,-13,-40,58,3,-5,2,3,3,2,320
4.05,-15,0,1,9,1,-10,-22,48,-3,-8,3,3,3,2,320
4.05,-16,0,0,10,1,-15,-39,307,2,-6,3,3,3,2,320
4.05,-16,0,0,9,-5,-9,-3,252,1,-6,2,3,3,2,320
4.05,-16,0,0,9,4,-2,-67,96,0,-5,0,3,3,2,320
4.05,-16,0,0,9,1,-8,-15,83,1,-4,3,3,3,2,320
4.05,-16,0,0,9,0,0,4,112,1,-4,2,3,3,2,320
4.05,-16,0,1,9,-7,2,33,49,-1,-5,3,3,3,2,320
4.05,-16,0,1,9,-1,13,74,44,-6,-6,1,3,3,2,320
4.05,-16,0,1,10,1,4,7,65,-2,-8,3,3,3,2,321
4.05,-16,0,0,10,-8,-6,7,218,0,-5,0,3,3,2,321
4.05,-16,0,0,9,8,1,-1,106,0,-9,3,3,3,2,321
4.05,-16,0,1,9,-6,0,68,30,-1,-1,2,3,3,2,321
4.05,-16,0,0,8,-7,0,15,352,-1,-3,2,3,3,2,321
4.04,-16,0,0,9,2,-1,-13,30,-3,-6,2,3,3,2,321
4.05,-16,0,1,10,0,3,-21,62,-5,-6,2,3,3,2,321
4.05,-16,0,0,9,-2,-6,-1,228,-1,-3,1,3,3,2,321
4.05,-17,0,0,9,-2,3,8,238,-4,-3,3,3,3,2,321
4.05,-16,0,1,10,-7,-10,8,24,0,-4,2,3,3,2,321
4.05,-17,0,0,8,0,-4,-84,219,1,-1,1,3,3,2,321
4.05,-17,0,0,9,13,-3,-55,330,-3,-10,0,3,3,2,321
4.05,-17,0,1,9,-5,-1,49,206,-3,-6,0,3,3,2,322
4.05,-17,0,1,9,0,19,112,166,-7,-13,2,3,3,2,322
4.05,-17,0,1,10,-12,7,73,299,-4,-3,3,3,3,2,322
4.05,-17,0,1,9,2,6,84,338,-4,-13,0,3,3,2,322
4.05,-17,0,0,10,5,18,108,304,-10,-11,3,3,3,2,322
4.05,-17,0,1,9,-8,3,0,82,0,-3,1,3,3,2,322
4.05,-17,0,0,9,8,-5,3,160,-3,-7,2,3,3,2,322
4.05,-17,0,0,8,1,-5,-28,84,-1,-5,2,3,3,2,322
4.05,-17,0,0,9,-1,-7,-28,284,0,-4,3,3,3,2,322
4.05,-17,0,0,9,-2,-5,-39,61,0,-3,3,3,3,2,322
4.05,-17,0,0,10,0,0,-27,176,-3,-4,3,3,3,2,322
4.05,-17,0,0,10,3,0,-25,232,-2,-7,2,3,3,2,322
4.05,-17,0,0,9,-3,5,37,186,-1,-1,2,3,3,2,323
4.05,-17,0,0,9,-2,4,-17,150,-4,-4,0,3,3,2,323
4.05,-17,0,0,9,-7,0,52,279,-2,-3,3,3,3,2,323
4.05,-17,0,0,9,2,2,14,120,0,-7,1,3,3,2,323
4.05,-18,0,1,9,-6,-2,6,54,1,-2,0,3,3,2,323
4.05,-18,0,0,9,-2,-5,-16,32,0,-3,2,3,3,2,323
4.05,-18,0,1,9,-1,1,24,98,-3,-4,3,3,3,2,323
4.04,-18,0,0,9,-6,2,7,128,-2,-1,2,3,3,2,323
4.05,-18,0,1,9,-9,-4,13,185,0,-5,2,3,3,2,323
4.05,-18,0,0,9,2,-4,-56,324,0,-1,0,3,3,2,323
4.04,-18,0,0,8,-7,1,58,321,-1,-1,3,3,3,2,323
4.04,-18,0,0,9,-4,4,51,36,-1,-2,3,3,3,2,323
4.04,-18,0,0,10,1,2,41,198,-2,-7,3,3,3,2,324
4.04,-18,0,0,9,-5,8,73,81,-3,-2,2,3,3,2,324
4.04,-18,0,0,9,-4,2,-10,283,-1,-4,2,3,3,2,324
4.04,-18,0,0,9,-3,-1,-6,207,-3,-5,1,3,3,2,324
4.04,-18,0,1,9,1,-5,-46,131,-1,-7,2,3,3,2,324
4.04,-18,0,1,10,3,0,-26,218,-5,-7,3,3,3,2,324
4.04,-18,0,0,9,1,0,-29,20,-3,-5,1,3,3,2,324
4.04,-18,0,1,9,-7,0,-29,90,0,-3,2,3,3,2,324
4.04,-18,0,1,10,-10,-6,18,234,-1,-2,1,3,3,2,324
4.04,-18,0,1,9,6,16,94,126,0,-9,2,3,3,2,324
4.04,-18,0,0,9,0,5,63,208,-3,-8,2,3,3,2,324
4.04,-18,0,0,9,-3,3,36,292,-2,-6,1,3,3,2,324
4.04,-18,0,0,9,-1,8,48,106,-3,-3,3,3,3,2,325
4.04,-18,0,0,9,0,-2,-22,164,-1,-6,3,3,3,2,325
4.04,-19,0,0,9,-5,0,-27,345,-4,-2,3,3,3,2,325
4.04,-18,0,1,10,0,-8,-91,345,0,-7,3,3,3,2,325
4.04,-19,0,0,10,1,-8,-28,318,1,-6,2,3,3,2,325
4.04,-19,0,1,9,-1,-12,-117,236,1,-6,0,3,3,2,325
4.04,-19,0,0,9,6,-8,-28,134,2,-6,2,3,3,2,325
4.04,-19,0,1,9,3,7,-36,258,-5,-7,2,3,3,2,325
4.04,-19,0,0,9,-3,1,60,4,-2,-9,2,3,3,2,325
4.04,-19,0,0,9,2,11,39,52,-6,-8,0,3,3,2,325
4.04,-19,0,1,9,-5,-6,-41,243,-2,-6,1,3,3,2,325
4.04,-19,0,1,10,-10,-4,27,109,0,-2,2,3,3,2,325
4.04,-19,0,0,9,-3,-3,15,348,1,-4,3,3,3,2,326
4.04,-19,0,0,8,3,1,-15,128,-4,-4,2,3,3,2,326
4.04,-19,0,1,10,8,-7,-115,53,-4,-8,3,3,3,2,326
4.04,-19,0,1,10,-4,-7,-5,287,1,-5,0,3,3,2,326
4.04,-19,0,1,9,-3,-3,-63,106,-1,-4,1,3,3,2,326
4.04,-19,0,0,9,3,3,-14,130,-1,-6,2,3,3,2,326
4.04,-19,0,1,9,0,-3,7,210,0,-6,2,3,3,2,326
4.04,-19,0,0,10,4,-13,-49,127,2,-4,3,3,3,2,326
4.04,-19,0,0,9,8,0,-2,202,-3,-5,3,3,3,2,326
4.04,-19,0,1,10,6,-3,-54,96,-5,-6,3,3,3,2,326
4.04,-19,0,0,9,3,-6,-17,85,-7,-5,0,3,3,2,326
4.04,-19,0,0,9,-3,0,-92,131,0,-2,2,3,3,2,326
4.04,-19,0,0,9,-3,-9,-47,147,0,-2,2,3,3,2,327
4.04,-19,0,1,10,3,-9,-75,227,-4,-9,3,3,3,2,327
4.04,-19,0,0,9,1,-2,-15,343,1,-4,2,3,3,2,327
4.04,-20,0,0,8,-10,0,100,311,1,-2,3,3,3,2,327
4.04,-20,0,0,9,2,14,125,107,3,1,3,3,3,2,327
4.04,-20,0,0,10,0,9,94,35,-7,-7,0,3,3,2,327
4.04,-20,0,0,10,-8,3,-29,75,-3,-1,3,3,3,2,327
4.04,-20,0,1,9,1,-11,-35,215,-1,-6,2,3,3,2,327
4.04,-20,0,0,9,-2,-9,-80,28,1,-4,0,3,3,2,327
4.04,-20,0,0,9,-2,-7,-63,283,0,-2,3,3,3,2,327
4.04,-20,0,1,9,4,-16,-76,11,0,-8,3,3,3,2,327
4.04,-20,0,1,10,-5,-14,-86,264,0,-3,1,3,3,2,327
4.04,-20,0,0,9,0,-11,-106,218,0,-7,2,3,3,2,328
4.04,-20,0,0,9,-6,-7,-1,83,1,-2,3,3,3,2,328
4.04,-20,0,0,9,4,-5,22,160,0,-4,1,3,3,2,328
4.04,-20,0,1,9,4,-7,15,27,0,-8,3,3,3,2,328
4.04,-20,0,0,9,11,-3,-43,24,-5,-9,0,3,3,2,328
4.04,-20,0,0,9,1,6,-57,78,-2,-1,0,3,3,2,328
4.04,-20,0,1,10,3,-2,-83,332,-13,-5,2,3,3,2,328
4.04,-20,0,0,8,-5,0,-9,59,0,-2,3,3,3,2,328
4.04,-20,0,0,9,3,-7,-26,240,-2,-6,2,3,3,2,328
4.04,-20,0,0,9,-2,2,13,318,-1,0,1,3,3,2,328
4.04,-20,0,1,9,-8,-5,0,345,0,-5,3,3,3,2,328
4.04,-20,0,0,9,5,0,-7,22,-2,-8,3,3,3,2,328
4.04,-20,0,0,10,8,-9,-41,343,0,-8,1,3,3,2,329
4.04,-20,0,0,9,5,5,-50,33,-3,-4,1,3,3,2,329
4.04,-20,0,0,9,0,2,6,109,1,-3,0,3,3,2,329
4.04,-20,0,0,9,-2,-3,-29,22,-1,-2,3,3,3,2,329
4.04,-20,0,1,8,-2,-1,4,58,-2,-4,1,3,3,2,329
4.04,-20,0,0,10,2,7,36,357,-3,-4,3,3,3,2,329
4.04,-20,0,0,9,4,1,41,278,-1,-5,0,3,3,2,329
4.04,-20,0,0,9,-10,0,-42,279,-2,0,1,3,3,2,329
4.03,-20,0,1,9,-12,0,51,302,0,-3,3,3,3,2,329
4.04,-20,0,0,9,-9,-3,41,297,0,-2,1,3,3,2,329
4.04,-20,0,0,8,-1,1,10,27,-3,-3,0,3,3,2,329
4.04,-20,0,0,8,0,0,31,29,-2,-1,2,3,3,2,329
4.04,-20,0,0,10,1,-7,-16,56,0,-2,3,3,3,2,330
4.04,-21,0,0,9,7,-8,-53,57,-1,-7,2,3,3,2,330
4.04,-21,0,0,9,2,5,-38,204,-3,-5,3,3,3,2,330
4.04,-21,0,1,9,-2,5,62,327,-1,-5,1,3,3,2,330
4.04,-21,0,0,9,1,0,1,194,0,-5,3,3,3,2,330
4.04,-21,0,1,10,-2,5,42,27,-4,-6,2,3,3,2,330
4.04,-21,0,0,9,1,8,65,143,-3,-7,3,3,3,2,330
4.04,-21,0,0,9,6,-4,-13,320,-1,-8,3,3,3,2,330
4.04,-21,0,1,9,-7,-5,1,331,0,-3,2,3,3,2,330
4.04,-21,0,0,9,0,-3,-20,55,0,-3,3,3,3,2,330
4.03,-21,0,0,9,0,-2,0,116,0,-5,2,3,3,2,330
4.04,-21,0,0,10,5,-2,-3,128,0,-7,3,3,3,2,330
4.04,-21,0,1,9,-7,1,26,87,-2,-2,3,3,3,2,331
4.04,-21,0,1,9,0,0,-14,254,0,-6,1,3,3,2,331
4.04,-21,0,0,9,-5,7,55,144,-3,-3,2,3,3,2,331
4.04,-21,0,0,9,-4,0,52,238,0,-6,3,3,3,2,331
4.03,-21,0,0,9,-1,0,9,96,0,-5,2,3,3,2,331
4.03,-21,0,0,9,-5,0,-1,110,0,-1,3,3,3,2,331
4.03,-21,0,0,9,2,-3,-47,202,-2,-5,3,3,3,2,331
4.03,-21,0,0,9,0,-3,-40,53,0,-5,1,3,3,2,331
4.03,-21,0,0,9,0,-9,-60,331,1,-5,3,3,3,2,331
4.04,-21,0,0,9,2,-12,-54,2,2,-5,3,3,3,2,331
4.03,-21,0,1,9,-2,-6,-53,260,-1,-5,2,3,3,2,331
4.03,-21,0,0,9,1,-2,34,65,-1,-3,0,3,3,2,331
4.03,-21,0,0,9,-5,8,49,92,-3,-2,1,3,3,2,332
4.03,-21,0,0,10,-1,-2,33,162,2,-3,1,3,3,2,332
4.03,-21,0,1,9,-6,16,119,13,-6,-4,3,3,3,2,332
4.03,-21,0,1,9,-7,10,100,328,0,-5,2,3,3,2,332
4.03,-21,0,1,9,-5,7,100,191,0,-3,1,3,3,2,332
4.03,-21,0,1,9,-3,11,65,140,-4,-8,3,3,3,2,332
4.03,-21,0,1,9,0,8,88,201,-5,-7,1,3,3,2,332
4.03,-21,0,0,8,-4,9,69,241,-3,-5,2,3,3,2,332
4.03,-21,0,0,9,1,0,12,64,-2,-6,2,3,3,2,332
4.03,-21,0,0,9,-2,3,19,52,-3,-2,3,3,3,2,332
4.03,-21,0,1,9,-6,10,123,324,-5,-4,2,3,3,2,332
4.03,-21,0,1,8,-4,13,81,250,-2,-4,3,3,3,2,332
4.03,-21,0,1,10,-2,10,76,185,0,-4,2,3,3,2,333
4.03,-21,0,0,9,-5,3,55,255,-1,0,3,3,3,2,333
4.03,-21,0,0,9,-1,3,37,104,0,-4,2,3,3,2,333
4.03,-21,0,0,9,0,2,9,331,-2,-3,0,3,3,1,333
4.03,-21,0,0,10,-6,-1,15,300,0,-1,0,3,3,1,333
4.03,-21,0,0,9,5,0,-16,301,-1,-6,0,3,3,1,333
4.03,-21,0,1,9,-5,-7,15,1,0,-5,0,3,3,1,333
4.03,-21,0,0,8,2,-8,-44,6,-1,-7,0,3,3,1,333
4.03,-21,0,1,9,-3,-5,-55,213,0,-3,3,3,3,1,333
4.03,-21,0,0,9,4,-3,-51,57,0,-6,2,3,3,1,333
4.03,-21,0,0,8,2,0,32,116,1,-6,3,3,3,2,333
4.03,-21,0,1,10,-11,8,75,357,-1,0,2,3,3,2,334
4.03,-21,0,1,10,3,12,116,161,-5,-8,3,3,3,2,334
4.03,-21,0,1,9,0,13,70,50,-6,-10,1,3,3,2,334
4.03,-21,0,0,9,-10,9,29,134,-2,-2,1,3,3,2,334
4.03,-21,0,0,9,-1,-1,-1,229,-1,-6,2,3,3,2,334
4.03,-21,0,0,10,-5,3,40,74,-2,-2,2,3,3,2,334
4.03,-21,0,0,9,-7,9,41,270,-5,-2,3,3,3,2,334
4.03,-21,0,0,9,1,-1,27,252,-2,-4,1,3,3,2,334
4.03,-21,0,0,9,1,-3,-35,19,-2,-6,1,3,3,2,334
4.03,-21,0,0,9,1,0,-16,104,-2,-4,3,3,3,2,334
4.03,-21,0,0,10,-1,-8,-32,198,1,-4,3,3,3,2,334
4.03,-21,0,1,9,-2,-5,-60,350,0,-2,3,3,3,2,334
4.03,-21,0,0,9,-3,-4,-22,201,0,-2,3,3,3,2,335
4.03,-21,0,0,9,5,1,-80,37,-5,-6,1,3,3,2,335
4.03,-21,0,1,9,0,-8,-26,232,0,-5,0,3,3,2,335
4.03,-21,0,0,10,-1,8,-25,45,-5,-2,2,3,3,2,335
4.03,-21,0,0,9,2,1,-50,272,-2,-2,3,3,3,2,335
4.03,-21,0,0,9,3,-1,-56,207,-5,-6,1,3,3,2,335
4.03,-21,0,1,9,1,-2,-43,45,-2,-8,3,3,3,2,335
4.03,-21,0,1,9,-4,2,57,237,-1,-2,3,3,3,2,335
4.03,-21,0,0,9,6,10,29,26,-4,-7,1,3,3,2,335
4.03,-21,0,1,9,-7,3,20,259,-3,-3,3,3,3,2,335
4.03,-21,0,0,8,-8,6,71,339,-3,-2,3,3,3,2,335
4.03,-21,0,1,10,2,10,69,232,-1,-7,2,3,3,2,335
4.03,-21,0,0,9,-1,8,35,310,-1,-2,2,3,3,2,336
4.03,-21,0,0,9,-5,1,4,218,-1,-2,3,3,3,2,336
4.03,-21,0,0,9,-5,0,41,248,0,-2,3,3,3,2,336
4.03,-21,0,0,9,0,-12,-30,2,1,-3,1,3,3,2,336
4.03,-21,0,0,9,1,-9,-22,36,1,-3,3,3,3,2,336
4.03,-21,0,1,10,-9,2,38,336,-1,-2,3,3,3,2,336
4.03,-21,0,0,9,2,3,20,260,0,-3,0,3,3,2,336
4.03,-21,0,1,9,7,-2,-48,7,-1,-9,2,3,3,2,336
4.03,-21,0,1,9,-7,12,95,139,-8,-9,3,3,3,2,336
4.03,-21,0,0,10,0,11,64,53,-2,-3,0,3,3,2,336
4.03,-21,0,0,10,-9,12,44,217,-6,-2,3,3,3,2,336
4.03,-21,0,1,9,-1,14,70,343,-4,-6,1,3,3,2,336
4.03,-21,0,0,9,-4,2,97,5,-3,-7,1,3,3,2,337
4.03,-21,0,0,9,0,6,72,311,0,-5,1,3,3,2,337
4.03,-21,0,0,9,-1,2,52,297,0,-4,3,3,3,2,337
4.03,-21,0,0,9,-2,7,27,183,-4,-5,3,3,3,2,337
4.03,-21,0,0,9,-3,7,42,356,-3,-3,2,3,3,2,337
4.03,-21,0,0,9,3,-5,-20,176,0,-5,3,3,3,2,337
4.03,-21,0,0,9,0,0,-20,242,-3,-2,3,3,3,2,337
4.03,-21,0,1,9,-4,0,-64,90,-5,-4,2,3,3,2,337
4.03,-21,0,0,9,-5,1,5,157,-2,-3,1,3,3,2,337
4.03,-21,0,1,9,-4,0,0,236,-3,-4,3,3,3,2,337
4.03,-21,0,1,9,-5,14,86,267,-8,-10,2,3,3,2,337
4.03,-21,0,1,10,-10,11,30,331,-5,-5,3,3,3,2,337
4.03,-21,0,1,9,0,10,90,339,-2,-10,3,3,3,2,338
4.03,-21,0,0,10,-10,16,57,129,-7,-2,2,3,3,2,338
4.03,-21,0,1,9,-7,-4,-4,242,-4,-9,2,3,3,2,338
4.03,-21,0,0,9,-11,19,78,317,-6,1,3,3,3,2,338
4.03,-21,0,0,9,-11,-2,47,5,0,-5,3,3,3,2,338
4.03,-21,0,1,9,7,-6,-139,49,-9,-14,0,3,3,2,338
4.03,-21,0,0,9,-5,0,-89,119,0,2,2,3,3,2,338
4.03,-21,0,1,9,1,-10,-25,243,-4,-6,2,3,3,2,338
4.03,-21,0,0,9,3,-7,-53,20,0,-5,0,3,3,2,338
4.03,-21,0,0,9,-4,-2,50,338,1,-1,3,3,3,2,338
4.03,-21,0,0,8,1,0,6,147,1,-5,0,3,3,2,338
4.03,-21,0,1,9,-9,1,41,111,-1,-1,3,3,3,2,338
4.03,-21,0,0,9,-8,8,50,18,-2,-1,2,3,3,2,339
4.03,-21,0,0,9,7,-2,-62,172,-3,-7,3,3,3,2,339
4.03,-21,0,0,9,-3,-5,-9,38,-1,-4,2,3,3,2,339
4.03,-21,0,0,9,-2,-2,0,139,-2,-1,3,3,3,2,339
4.03,-21,0,0,9,-1,-3,35,195,0,-3,3,3,3,2,339
4.03,-21,0,0,9,-3,0,30,176,-3,-4,3,3,3,2,339
4.03,-21,0,0,9,-8,-2,4,95,1,-3,1,3,3,2,339
4.03,-21,0,0,8,4,-4,-21,162,-2,-4,2,3,3,2,339
4.03,-21,0,0,9,1,-2,-19,250,1,-4,2,3,3,2,339
4.03,-21,0,1,10,-10,0,56,156,0,-2,1,3,3,2,339
4.03,-21,0,0,8,0,4,59,267,-3,-4,3,3,3,2,339
4.03,-21,0,0,9,-4,-4,-8,348,-1,-1,2,3,3,2,339
4.03,-21,0,0,9,-8,-4,-21,27,-1,-1,3,3,3,2,340
4.03,-21,0,1,9,0,0,17,12,-1,-8,2,3,3,2,340
4.03,-21,0,0,9,-3,-1,-5,77,-3,-6,2,3,3,2,340
4.03,-21,0,0,9,0,0,-43,181,-3,-3,3,3,3,2,340
4.03,-21,0,1,9,5,-6,-102,68,-5,-6,1,3,3,2,340
4.03,-21,0,0,9,2,1,-39,52,-6,-5,1,3,3,2,340
4.03,-21,0,0,9,-1,-9,12,234,0,-5,2,3,3,2,340
4.03,-21,0,0,9,-4,2,29,219,-3,-2,1,3,3,2,340
4.03,-21,0,0,9,-3,-3,20,313,0,-2,2,3,3,2,340
4.03,-21,0,0,8,3,6,48,77,0,-2,0,3,3,2,340
4.03,-21,0,0,9,-6,6,40,17,-5,-1,1,3,3,2,340
4.03,-21,0,0,10,4,6,-9,322,-3,-7,3,3,3,2,340
4.03,-21,0,0,9,0,2,39,160,0,-2,1,3,3,2,341
4.03,-21,0,0,8,5,3,33,13,-2,-8,2,3,3,2,341
4.03,-21,0,0,10,0,-3,14,296,0,-5,2,3,3,2,341
4.03,-21,0,1,9,-11,3,33,271,-2,-2,2,3,3,2,341
4.03,-21,0,1,9,-5,16,92,268,-5,-9,3,3,3,2,341
4.03,-21,0,0,9,3,6,43,205,0,-5,3,3,3,2,341
4.03,-21,0,0,9,0,2,43,58,-2,-6,3,3,3,2,341
4.03,-21,0,0,8,1,-8,-30,2,0,-5,2,3,3,2,341
4.03,-21,0,0,9,1,-4,-45,43,-1,-4,3,3,3,2,341
4.03,-21,0,0,9,2,-1,-27,134,-1,-6,2,3,3,2,341
4.03,-21,0,0,9,3,0,-27,171,-3,-6,3,3,3,2,341
4.03,-21,0,0,9,0,0,-3,147,0,-3,2,3,3,2,341
4.03,-21,0,0,9,0,2,10,151,0,-3,2,3,3,2,342
4.03,-20,0,0,8,-5,-1,3,191,-1,-2,2,3,3,2,342
4.03,-21,0,0,9,-3,-3,6,266,-1,-5,3,3,3,2,342
4.03,-21,0,0,9,3,-7,-49,348,-1,-3,1,3,3,2,342
4.03,-21,0,0,9,2,0,-25,137,0,-5,2,3,3,2,342
4.03,-21,0,1,9,0,-1,-16,277,-3,-6,3,3,3,2,342
4.03,-21,0,0,9,6,-4,-54,357,-2,-7,3,3,3,2,342
4.03,-21,0,0,9,-6,0,-16,136,-2,-2,3,3,3,2,342
4.03,-21,0,0,9,-1,-2,13,257,-1,-3,3,3,3,1,342
4.03,-21,0,0,9,6,-6,-44,9,-1,-7,2,3,3,1,342
4.03,-21,0,0,9,-1,2,-17,105,-2,-2,2,3,3,1,342
4.03,-21,0,0,9,3,-8,-41,247,0,-6,3,3,3,1,342
4.03,-21,0,0,10,-3,-4,35,204,0,-2,2,3,3,1,343
4.03,-20,0,0,9,-1,0,25,11,1,-6,2,3,3,2,343
4.03,-20,0,0,9,-4,10,40,242,-4,-4,3,3,3,2,343
4.03,-20,0,1,10,-4,11,92,323,-2,-7,3,3,3,2,343
4.03,-20,0,1,10,2,10,86,256,-3,-10,2,3,3,2,343
4.03,-20,0,0,9,0,-1,22,308,0,-6,3,3,3,2,343
4.03,-20,0,0,9,2,-2,16,241,0,-7,0,3,3,1,343
4.03,-20,0,0,9,0,0,-11,306,0,-2,2,3,3,1,343
4.03,-20,0,1,9,1,-7,-71,155,-5,-8,0,3,3,2,343
4.03,-20,0,0,9,-6,2,2,199,-3,-2,3,3,3,2,343
4.03,-20,0,0,9,-8,3,49,284,-4,-2,3,3,3,2,343
4.03,-20,0,1,9,1,17,114,253,-5,-14,3,3,3,2,343
4.03,-20,0,1,9,-4,13,53,285,-3,-6,2,3,3,2,344
4.03,-20,0,0,9,-4,4,73,134,-4,-3,2,3,3,2,344
4.03,-20,0,0,9,-1,12,68,114,-3,-8,2,3,3,2,344
4.03,-20,0,1,9,0,6,30,280,-4,-5,2,3,3,2,344
4.03,-20,0,1,9,-5,18,112,247,-6,-4,3,3,3,2,344
4.03,-20,0,0,9,-4,2,-4,312,0,-4,3,3,3,2,344
4.03,-20,0,1,10,4,-7,-12,334,-1,-9,2,3,3,2,344
4.03,-20,0,1,9,5,-18,-57,329,-2,-7,1,3,3,2,344
4.03,-20,0,0,9,0,-2,-25,358,-1,-2,3,3,3,2,344
4.03,-20,0,0,9,3,-8,-50,140,2,-5,1,3,3,2,344
4.03,-20,0,0,9,5,-1,-43,284,0,-5,3,3,3,2,344
4.03,-20,0,1,9,-4,7,72,149,-6,-4,0,3,3,2,344
4.03,-20,0,0,9,0,13,70,118,-4,-7,2,3,3,2,345
4.03,-20,0,1,9,-3,2,1,280,-3,-6,2,3,3,2,345
4.03,-20,0,0,9,-4,11,86,16,-6,-9,2,3,3,2,345
4.03,-20,0,0,9,2,10,27,32,-5,-6,2,3,3,2,345
4.03,-20,0,1,10,-4,10,73,90,-3,-6,3,3,3,2,345
4.03,-20,0,1,9,-10,15,81,92,-2,-2,0,3,3,2,345
4.03,-20,0,0,9,-6,8,74,36,-1,-3,3,3,3,2,345
4.03,-20,0,0,9,-4,7,71,107,-1,-5,3,3,3,2,345
4.03,-20,0,0,9,-8,6,50,148,-2,-1,2,3,3,2,345
4.03,-20,0,0,8,4,2,-12,356,-2,-6,1,3,3,2,345
4.03,-20,0,0,9,0,-1,-17,91,0,-4,3,3,3,2,345
4.03,-20,0,1,9,2,-3,-71,281,0,-6,3,3,3,2,345
4.03,-20,0,0,9,0,-3,-10,68,1,-4,3,3,3,2,346
4.03,-20,0,0,9,-4,-2,-8,247,-3,-3,3,3,3,2,346
4.03,-20,0,0,9,2,-2,-42,38,-2,-5,3,3,3,2,346
4.03,-20,0,1,9,-4,0,-7,228,-1,-4,3,3,3,2,346
4.03,-20,0,1,10,6,-3,-98,58,-7,-7,3,3,3,2,346
4.03,-20,0,1,9,5,-9,-87,332,0,-8,3,3,3,2,346
4.03,-20,0,0,9,-1,0,-20,118,-1,-4,3,3,3,2,346
4.03,-20,0,0,10,-5,-3,-38,238,0,-1,3,3,3,2,346
4.03,-20,0,0,9,1,-3,-60,132,-2,-3,1,3,3,1,346
4.02,-20,0,1,9,-3,1,-5,3,-3,-3,1,3,3,1,346
4.03,-20,0,0,9,0,-4,4,131,-1,-4,2,3,3,1,346
4.03,-20,0,0,9,1,4,-41,258,-4,-3,0,3,3,1,347
4.03,-20,0,0,8,7,-5,-87,171,-2,-4,0,3,3,1,347
4.03,-20,0,0,10,4,-2,-89,188,-2,-2,0,3,3,1,347
4.03,-20,0,1,9,-4,-9,-97,311,-1,-6,0,3,3,1,347
4.03,-20,0,1,9,-1,-5,-75,336,-4,-4,0,3,3,1,347
4.03,-20,0,1,10,2,-14,-121,359,-4,-9,0,3,3,1,347
4.03,-20,0,1,9,0,-8,-66,344,-3,-5,0,3,3,1,347
4.03,-20,0,0,9,-3,-5,-19,151,0,-5,0,3,3,1,347
4.03,-20,0,0,9,0,0,-14,285,-2,-3,0,3,3,1,347
4.02,-20,0,0,10,0,-4,-51,196,-3,-4,0,3,3,1,347
4.03,-20,0,1,10,-2,1,-80,82,-4,-2,0,3,3,1,347
4.03,-20,0,0,9,3,-4,-54,335,-3,-4,0,3,3,1,347
4.03,-20,0,0,9,1,-2,-4,130,0,-5,0,3,3,1,348
4.03,-20,0,0,9,-3,-4,30,171,0,-3,0,3,3,1,348
4.03,-20,0,1,9,-9,5,31,115,-3,-3,0,3,3,1,348
4.03,-20,0,1,9,-1,14,89,88,0,-9,0,3,3,1,348
4.03,-20,0,0,9,-4,1,42,128,0,-4,0,3,3,1,348
4.03,-20,0,0,9,-6,1,4,51,-1,-2,0,3,3,1,348
4.03,-20,0,1,9,-3,-4,-16,106,-1,-7,0,3,3,1,348
4.02,-20,0,0,9,3,-3,-19,73,2,-5,1,3,3,2,348
4.02,-20,0,1,9,-7,10,123,335,-7,-1,3,3,3,2,348
4.03,-19,0,0,10,5,4,93,233,3,-10,3,3,3,2,348
4.02,-20,0,0,9,0,-2,39,247,0,-3,2,3,3,2,348
4.03,-20,0,0,9,1,8,11,94,-4,-6,2,3,3,2,348
4.03,-19,0,1,9,-7,1,62,307,-1,-2,3,3,3,2,349
4.03,-19,0,0,9,-5,-2,30,67,0,-2,2,3,3,2,349
4.03,-19,0,0,9,-2,6,25,346,-5,-5,2,3,3,2,349
4.02,-19,0,0,9,-4,3,21,68,-2,-3,2,3,3,2,349
4.02,-19,0,0,10,1,4,32,254,-4,-6,2,3,3,2,349
4.02,-19,0,0,8,1,3,-11,263,-1,-3,3,3,3,2,349
4.02,-19,0,1,9,2,-2,-26,71,-2,-7,3,3,3,2,349
4.02,-19,0,0,9,-6,-2,-10,186,-2,-3,1,3,3,2,349
4.03,-19,0,0,9,-3,2,1,152,-1,-4,3,3,3,2,349
4.02,-19,0,0,9,-2,2,52,5,0,-1,3,3,3,2,349
4.02,-19,0,0,9,1,7,65,268,-5,-5,1,3,3,2,349
4.02,-19,0,0,9,4,-8,-27,99,0,-7,2,3,3,2,349
4.02,-19,0,0,9,-2,-8,-71,307,1,-2,2,3,3,2,350
4.02,-19,0,0,9,5,-7,-98,38,0,-8,0,3,3,2,350
4.02,-19,0,0,9,1,-5,16,341,1,-4,1,3,3,2,350
4.02,-19,0,0,9,12,-2,-42,94,0,-7,1,3,3,2,350
4.02,-19,0,0,9,-8,9,81,348,-8,-6,3,3,3,2,350
4.02,-19,0,0,10,6,1,56,248,2,-6,3,3,3,2,350
4.02,-19,0,0,9,4,7,36,99,-4,-7,3,3,3,2,350
4.02,-19,0,1,9,-6,12,96,202,-5,-4,3,3,3,2,350
4.02,-19,0,1,10,0,7,33,151,-1,-7,3,3,3,2,350
4.02,-19,0,1,9,-5,18,107,258,-9,-5,3,3,3,2,350
4.02,-19,0,0,9,1,10,55,251,-3,-6,2,3,3,2,350
4.02,-19,0,0,10,2,3,16,121,-4,-5,3,3,3,2,350
4.02,-19,0,1,9,-5,-12,-81,290,1,-3,1,3,3,2,351
4.02,-19,0,1,9,1,-10,-43,2,-2,-5,2,3,3,2,351
4.02,-19,0,0,9,-2,-6,-45,169,1,-3,1,3,3,2,351
4.02,-19,0,1,9,-3,-3,-23,43,-4,-4,2,3,3,2,351
4.02,-19,0,1,9,-2,-1,11,143,-2,-4,2,3,3,2,351
4.02,-19,0,0,9,-2,0,-4,139,-2,-4,3,3,3,2,351
4.02,-19,0,0,9,-1,2,12,117,0,-2,2,3,3,2,351
4.02,-19,0,0,9,0,-4,-24,224,-2,-4,3,3,3,2,351
4.02,-19,0,0,9,-2,0,-5,333,0,-2,2,3,3,2,351
4.02,-19,0,0,9,5,-5,-24,77,0,-5,3,3,3,2,351
4.02,-19,0,0,9,-4,2,-54,165,-2,-1,1,3,3,2,351
4.02,-18,0,0,9,2,-1,-73,53,-5,-3,2,3,3,2,351
4.02,-19,0,0,9,-2,0,-87,66,-2,-1,2,3,3,2,352
4.02,-19,0,1,9,8,-6,-52,106,-1,-9,2,3,3,2,352
4.02,-19,0,0,9,-7,-5,10,350,1,-2,3,3,3,2,352
4.02,-19,0,0,9,0,-6,-87,190,0,-3,0,3,3,2,352
4.02,-19,0,0,9,7,-12,-79,249,2,-8,0,3,3,2,352
4.02,-19,0,1,10,-4,-7,24,200,0,-6,3,3,3,2,352
4.02,-19,0,0,9,3,-1,-56,23,0,-5,1,3,3,2,352
4.02,-18,0,0,9,0,-3,-6,300,-1,-2,1,3,3,2,352
4.02,-19,0,0,9,7,2,-34,166,-4,-8,2,3,3,2,352
4.02,-18,0,0,9,-7,-1,7,353,-1,-3,3,3,3,2,352
4.02,-18,0,0,9,0,-1,1,288,0,-7,3,3,3,2,352
4.02,-18,0,0,9,0,-8,-18,260,2,-5,0,3,3,2,352
4.02,-18,0,0,9,6,0,-44,15,-4,-5,2,3,3,2,353
4.02,-18,0,1,9,4,-4,-6,173,0,-8,3,3,3,2,353
4.02,-18,0,0,9,2,2,-50,266,-3,-5,3,3,3,2,353
4.02,-18,0,0,9,-1,-4,-49,147,-4,-3,2,3,3,2,353
4.02,-18,0,0,9,0,-2,-66,47,-3,-4,2,3,3,2,353
4.02,-18,0,0,9,-1,-1,0,155,0,-5,3,3,3,2,353
4.02,-18,0,0,9,0,0,9,199,-3,-3,3,3,3,2,353
4.02,-18,0,0,9,-2,2,12,213,-3,-3,2,3,3,2,353
4.02,-18,0,0,9,-3,1,3,225,-2,-2,3,3,3,2,353
4.02,-18,0,1,9,-2,-2,11,288,-1,-6,0,3,3,2,353
4.02,-18,0,1,9,2,-2,-36,307,-3,-7,2,3,3,2,353
4.02,-18,0,0,9,3,1,-46,345,-5,-7,3,3,3,2,353
4.02,-18,0,0,9,-1,0,28,356,-2,-5,2,3,3,2,354
4.02,-18,0,0,9,0,0,13,17,-2,-5,2,3,3,1,354
4.02,-18,0,0,9,-1,1,-7,59,-2,-1,3,3,3,2,354
4.02,-18,0,0,9,-6,0,48,85,0,-2,1,3,3,2,354
4.02,-18,0,0,9,-5,5,29,21,-3,-5,3,3,3,2,354
4.02,-18,0,1,9,-1,19,116,28,-8,-10,1,3,3,2,354
4.02,-18,0,0,9,3,0,80,240,0,-5,2,3,3,2,354
4.02,-18,0,0,9,0,5,32,64,1,-6,2,3,3,2,354
4.02,-18,0,0,9,-2,-2,-3,6,2,-2,0,3,3,2,354
4.02,-18,0,0,9,7,-2,-63,140,-4,-6,3,3,3,2,354
4.02,-18,0,0,9,1,-10,-30,3,1,-6,2,3,3,2,354
4.02,-18,0,0,9,0,-1,-35,159,0,-3,2,3,3,2,354
4.02,-18,0,0,9,3,2,-15,307,-2,-7,3,3,3,2,355
4.02,-18,0,0,9,0,1,-7,36,-3,-5,1,3,3,2,355
4.02,-18,0,0,9,1,1,-6,34,0,-5,3,3,3,1,355
4.02,-18,0,0,9,0,-1,-23,53,0,-5,0,3,3,1,355
4.02,-18,0,0,9,1,-3,-24,96,0,-6,0,3,3,1,355
4.02,-18,0,0,9,4,-1,-11,90,-1,-7,3,3,3,1,355
4.02,-18,0,0,9,1,-1,23,64,0,-4,2,3,3,1,355
4.02,-18,0,0,9,-3,2,5,35,-4,-3,0,3,3,1,355
4.02,-17,0,0,9,-1,-6,19,202,1,-2,0,3,3,1,355
4.02,-17,0,0,9,0,8,2,81,-3,-6,0,3,3,1,355
4.02,-17,0,0,9,-1,6,83,230,-6,-7,1,3,3,2,355
4.02,-17,0,0,10,4,4,83,128,-1,-10,2,3,3,2,355
4.02,-17,0,1,9,-8,0,22,270,1,-4,1,3,3,2,356
4.02,-17,0,0,9,-3,-5,-28,242,1,-4,0,3,3,2,356
4.02,-17,0,1,9,1,-15,-99,229,0,-8,3,3,3,2,356
4.02,-17,0,0,9,6,-7,-51,165,0,-9,3,3,3,2,356
4.02,-17,0,1,9,-7,-7,-50,30,0,-3,3,3,3,2,356
4.02,-17,0,0,9,3,-4,-91,327,0,-6,1,3,3,2,356
4.02,-17,0,0,9,6,-5,6,300,2,-5,0,3,3,2,356
4.02,-17,0,0,9,0,-2,26,318,0,-2,3,3,3,2,356
4.02,-17,0,0,9,-3,7,0,255,-5,-5,3,3,3,2,356
4.02,-17,0,0,9,-3,17,101,251,-1,-7,3,3,3,2,356
4.02,-17,0,0,9,-2,2,29,306,-1,-7,1,3,3,2,356
4.02,-17,0,0,10,-9,15,91,102,-5,-1,2,3,3,2,356
4.02,-17,0,0,9,-2,20,97,8,-3,-3,2,3,3,2,357
4.02,-17,0,0,9,3,14,89,271,-5,-4,2,3,3,2,357
4.02,-17,0,0,9,2,-2,32,47,0,-7,2,3,3,2,357
4.02,-17,0,0,9,4,-8,-38,1,1,-8,1,3,3,2,357
4.02,-17,0,0,10,6,0,4,0,0,-7,2,3,3,2,357
4.02,-17,0,1,9,-7,3,41,251,-3,-3,3,3,3,2,357
4.02,-17,0,0,9,-5,12,84,256,-2,-7,3,3,3,2,357
4.02,-17,0,0,9,2,6,33,291,-2,-9,3,3,3,2,357
4.02,-17,0,0,9,-10,11,69,77,-4,-2,2,3,3,2,357
4.02,-17,0,1,9,-4,8,65,36,1,-7,1,3,3,2,357
4.02,-17,0,0,9,-2,6,48,153,-5,-6,0,3,3,2,357
4.02,-17,0,1,10,-1,12,57,168,-4,-7,3,3,3,2,357
4.02,-17,0,1,9,-8,13,58,244,-4,-5,2,3,3,2,358
4.02,-17,0,0,9,-5,9,73,342,-5,-7,3,3,3,2,358
4.02,-17,0,0,9,3,12,68,346,-3,-8,3,3,3,2,358
4.02,-17,0,1,9,-4,14,55,68,-6,-5,2,3,3,2,358
4.02,-16,0,0,9,0,13,64,64,-1,-7,3,3,3,2,358
4.02,-16,0,0,9,-3,0,48,204,-3,-7,1,3,3,2,358
4.02,-17,0,1,9,5,-4,-32,135,0,-8,2,3,3,2,358
4.02,-16,0,0,9,8,3,-26,159,-5,-7,3,3,3,2,358
4.02,-16,0,1,9,-5,-7,-19,342,0,-5,3,3,3,2,358
4.02,-16,0,0,9,-1,-5,-79,204,1,-3,2,3,3,2,358
4.02,-16,0,1,9,2,-9,-96,254,-1,-8,0,3,3,2,358
4.02,-16,0,1,9,5,-7,-40,233,0,-8,3,3,3,2,358
4.02,-16,0,0,9,5,4,-61,354,-3,-7,2,3,3,2,359
4.02,-16,0,0,9,-3,-4,-45,124,-2,-5,1,3,3,2,359
4.02,-16,0,1,9,4,1,-17,117,-4,-8,2,3,3,2,359
4.02,-16,0,0,9,-5,-5,1,327,1,-3,3,3,3,2,359
4.02,-16,0,0,9,-2,0,1,274,-1,-6,2,3,3,2,359
4.02,-16,0,0,9,4,-6,-32,259,-2,-8,2,3,3,2,359
4.02,-16,0,0,9,2,4,-32,311,-4,-4,3,3,3,2,359
4.02,-16,0,0,9,0,-8,-18,124,0,-6,2,3,3,2,359
4.02,-16,0,0,9,-1,-8,-74,299,1,-3,3,3,3,2,359
4.02,-16,0,0,9,8,-14,-97,328,1,-10,2,3,3,2,359
4.02,-16,0,0,9,-4,-8,-17,242,0,-5,0,3,3,2,359
4.02,-16,0,1,9,3,-11,-110,154,1,-8,2,3,3,2,359
4.02,-16,0,0,9,2,-8,-4,112,2,-5,3,3,3,2,360
4.02,-16,0,0,10,-3,-10,-93,46,-1,-2,3,3,3,2,360
4.02,-16,0,0,9,-2,-3,-83,335,-1,-2,3,3,3,2,360
4.02,-16,0,0,9,0,-9,-78,358,0,-6,3,3,3,2,360
4.02,-16,0,0,9,5,-11,-65,338,0,-8,2,3,3,2,360
4.02,-16,0,0,9,-1,-11,-60,225,0,-5,2,3,3,2,360
4.02,-16,0,0,9,3,-9,-68,173,0,-8,3,3,3,2,360
4.02,-16,0,0,9,-1,-10,-52,77,1,-5,3,3,3,2,360
4.02,-16,0,0,9,4,-7,-76,7,-1,-8,3,3,3,2,360
4.02,-16,0,0,9,-1,-5,-37,279,0,-4,2,3,3,1,360
4.02,-16,0,0,9,2,-5,-57,137,0,-5,1,3,3,1,360
4.02,-15,0,0,9,-1,-2,-39,39,-2,-3,0,3,3,1,361
4.02,-15,0,0,9,1,-5,-79,323,0,-5,0,3,3,1,361
4.02,-15,0,0,9,0,-4,-37,231,0,-6,0,3,3,1,361
4.02,-15,0,0,9,0,-1,-32,37,0,-3,0,3,3,1,361
4.02,-15,0,0,9,-1,0,-40,272,-1,-3,0,3,3,1,361
4.02,-15,0,0,9,0,-4,-48,156,-2,-3,0,3,3,1,361
4.02,-15,0,0,9,0,0,-13,319,-1,-4,0,3,3,1,361
4.02,-15,0,0,9,0,0,-22,27,-1,-4,0,3,3,1,361
4.02,-15,0,0,9,-1,-2,7,29,0,-3,0,3,3,1,361
4.02,-15,0,0,9,1,-3,-5,61,-2,-6,0,3,3,1,361
4.02,-15,0,0,9,0,1,-13,111,-3,-3,0,3,3,1,361
4.02,-15,0,0,10,-3,-5,2,227,1,-4,0,3,3,1,361
4.02,-15,0,0,9,-4,-4,1,247,-1,-4,0,3,3,1,362
4.02,-15,0,0,9,0,0,31,77,1,-4,0,3,3,1,362
4.02,-15,0,0,9,-8,8,71,333,-5,-2,0,3,3,1,362
4.02,-15,0,1,9,0,11,91,294,-1,-10,0,3,3,1,362
4.02,-15,0,0,9,3,4,44,296,0,-6,0,3,3,1,362
4.02,-15,0,0,9,-1,3,29,158,-4,-6,0,3,3,1,362
4.02,-15,0,1,9,0,16,91,168,-4,-8,1,3,3,1,362
4.02,-15,0,0,9,0,10,49,172,0,-5,0,3,3,1,362
4.02,-15,0,0,9,-2,6,37,3,-5,-4,0,3,3,1,362
4.02,-15,0,0,10,-6,-11,-10,153,2,-1,3,3,3,2,362
4.02,-15,0,1,9,-8,3,41,106,-1,-4,2,3,3,2,362
4.02,-15,0,1,9,-2,8,93,112,-6,-11,3,3,3,2,362
4.02,-15,0,0,9,0,0,66,31,2,-8,0,3,3,2,363
4.02,-15,0,0,10,-4,9,27,177,-4,-3,3,3,3,2,363
4.02,-15,0,0,9,-2,5,-19,156,-3,-3,2,3,3,2,363
4.02,-15,0,0,9,-1,4,13,190,0,-5,2,3,3,2,363
4.02,-14,0,0,9,0,0,11,122,1,-2,2,3,3,2,363
4.02,-15,0,0,9,-7,9,67,29,-4,-1,3,3,3,2,363
4.02,-14,0,1,9,-9,8,74,61,-2,-4,2,3,3,2,363
4.02,-14,0,0,9,-4,10,55,38,0,-6,0,3,3,2,363
4.02,-14,0,0,9,-1,4,39,93,-3,-7,2,3,3,2,363
4.02,-14,0,1,9,2,9,82,99,-5,-10,3,3,3,2,363
4.02,-14,0,0,9,0,14,72,151,-5,-5,3,3,3,2,363
4.02,-14,0,0,9,-1,0,36,292,-2,-6,3,3,3,2,363
4.02,-14,0,0,9,-4,6,20,167,0,-4,1,3,3,2,364
4.02,-14,0,1,9,-1,4,42,30,-2,-2,2,3,3,2,364
4.02,-14,0,0,9,-1,6,-6,332,-5,-4,3,3,3,2,364
4.02,-14,0,0,9,-9,0,61,105,0,-2,3,3,3,2,364
4.02,-14,0,0,9,1,0,33,224,-1,-2,1,3,3,2,364
4.02,-14,0,0,9,-3,4,11,181,-4,-3,1,3,3,2,364
4.02,-14,0,0,9,3,2,-10,124,-2,-6,3,3,3,2,364
4.02,-14,0,0,9,0,1,46,15,-2,-3,0,3,3,2,364
4.02,-14,0,0,9,-4,0,-19,61,-2,-1,2,3,3,2,364
4.02,-14,0,0,9,-1,-8,6,171,0,-5,2,3,3,2,364
4.02,-14,0,0,9,0,0,9,173,-3,-4,1,3,3,2,364
4.02,-14,0,0,9,-7,-5,0,280,0,-3,2,3,3,2,364
4.02,-14,0,0,9,2,-2,-64,109,0,-2,1,3,3,2,365
4.02,-14,0,0,9,-4,-6,-68,112,0,-2,3,3,3,2,365
4.02,-14,0,1,9,0,-10,-51,145,0,-7,2,3,3,2,365
4.02,-14,0,1,9,0,-5,-40,24,0,-6,3,3,3,2,365
4.02,-14,0,0,9,-2,-8,-55,281,0,-4,2,3,3,1,365
4.02,-14,0,1,9,2,-7,-63,286,-2,-7,0,3,3,1,365
4.02,-14,0,0,9,-4,-6,-15,140,0,-3,3,3,3,1,365
4.02,-14,0,1,9,1,-8,-95,29,0,-5,1,3,3,1,365
4.02,-14,0,0,9,4,-8,-41,39,0,-7,0,3,3,1,365
4.02,-14,0,1,9,-2,-4,-38,247,0,-6,0,3,3,1,365
4.02,-13,0,0,9,0,-9,-65,149,1,-4,0,3,3,1,365
4.02,-13,0,0,9,0,-8,-49,132,-2,-5,0,3,3,1,365
4.02,-13,0,0,9,0,-6,-22,332,1,-4,0,3,3,1,366
4.02,-13,0,0,9,0,-3,-61,190,-2,-4,0,3,3,1,366
4.02,-13,-3,1,10,-39,99,194,330,3,4,0,3,3,3,366
4.02,-13,1,0,14,68,47,-237,260,-51,-14,0,3,3,3,366
4.02,-13,-7,7,7,101,-40,-490,242,-55,-40,0,3,3,3,366
4.02,-13,0,6,9,74,-11,-289,21,-3,24,0,3,3,3,366
4.02,-13,0,0,11,10,53,-131,87,1,44,0,3,3,3,366
4.02,-13,-4,2,12,65,22,135,76,-54,-5,3,3,3,3,366
4.02,-13,1,0,7,-15,1,-237,237,55,18,3,3,3,3,366
4.02,-13,-2,5,13,28,-98,11,26,-22,-67,0,3,3,3,366
4.02,-13,-1,0,7,92,45,-78,168,-23,63,1,3,3,3,366
4.02,-13,-3,2,14,66,-26,-221,110,-71,44,3,3,3,3,366
4.02,-13,-9,5,11,-6,-68,132,24,-25,-57,3,3,3,3,367
4.02,-13,-2,2,4,34,154,285,195,-31,77,0,3,3,3,367
4.02,-13,-3,5,8,14,-98,-216,85,-30,-46,1,3,3,3,367
4.02,-13,-11,3,13,-57,64,113,284,8,-3,0,3,3,3,367
4.02,-13,-1,-1,12,27,9,301,47,-24,-10,0,3,3,3,367
4.02,-13,2,0,8,-15,34,71,304,10,14,0,3,3,3,367
4.02,-13,0,-1,18,-75,39,-134,48,10,37,2,3,3,3,367
4.02,-13,-3,0,10,88,38,48,304,-51,-2,1,3,3,3,367
4.02,-13,-1,4,18,70,12,-46,307,-20,-8,3,3,3,3,367
4.02,-13,2,0,11,-66,16,-297,32,-6,24,3,3,3,3,367
4.02,-13,0,5,11,-30,-133,-113,212,42,-36,2,3,3,3,367
4.02,-13,1,2,9,9,-15,79,65,-64,-30,0,3,3,3,367
4.02,-13,4,-4,12,21,46,66,122,-37,57,3,3,3,3,368
4.02,-13,3,0,12,-13,-57,-145,71,-39,-51,0,3,3,3,368
4.02,-13,-3,2,13,-37,-56,-340,8,2,-58,2,3,3,3,368
4.02,-13,3,1,9,-33,-16,-89,43,-5,-57,2,3,3,3,368
4.02,-13,-3,2,11,43,22,-1,207,-10,30,2,3,3,3,368
4.02,-13,2,0,11,-3,-61,-267,97,-25,-33,1,3,3,3,368
4.02,-13,-5,-1,12,-38,-68,-329,95,40,-10,1,3,3,3,368
4.02,-13,0,0,12,-9,-35,-298,35,22,25,0,3,3,3,368
4.02,-13,-1,7,13,9,-2,232,193,41,-54,1,3,3,3,368
4.02,-13,0,0,11,19,-34,-95,326,-28,-64,3,3,3,3,368
4.02,-13,-1,3,10,23,1,61,18,-61,-116,0,3,3,3,368
4.02,-13,-4,5,11,64,-26,-168,11,-45,-116,3,3,3,3,368
4.02,-13,1,0,12,24,18,-197,70,-41,60,3,3,3,3,369
4.02,-12,-2,1,10,56,-1,253,88,-85,3,1,3,3,3,369
4.02,-13,-1,0,10,27,5,53,152,-37,80,1,3,3,3,369
4.02,-13,1,2,16,-72,-39,-292,310,39,-40,2,3,3,3,369
4.02,-12,1,0,11,35,-34,87,117,-22,-28,2,3,3,3,369
4.02,-12,0,0,10,0,-69,-35,103,-17,-35,1,3,3,3,369
4.02,-13,-2,0,13,83,-25,-250,186,-25,-5,3,3,3,3,369
4.02,-13,0,3,13,44,-77,-33,170,-27,-17,3,3,3,3,369
4.02,-12,-3,3,12,56,-36,262,201,1,-11,3,3,3,3,369
4.02,-13,1,0,10,-38,36,29,101,14,34,3,3,3,3,369
4.02,-12,0,3,12,-40,-35,-283,181,50,-11,3,3,3,3,369
4.02,-12,0,2,12,35,31,-95,52,-45,33,3,3,3,3,369
4.02,-13,1,0,8,7,-76,-64,349,1,-70,2,3,3,3,370
4.02,-13,-3,3,13,21,-18,-448,103,-32,29,3,3,3,3,370
4.02,-13,-2,3,11,-56,-18,-4,271,47,-9,2,3,3,3,370
4.02,-12,-5,3,13,17,-78,-289,30,-5,-76,2,3,3,3,370
4.02,-13,0,2,10,58,34,-49,147,-75,56,2,3,3,3,370
4.02,-12,-4,4,13,17,10,493,349,17,-76,0,3,3,3,370
4.02,-13,-2,3,10,-27,-84,-230,1,25,-86,3,3,3,3,370
4.02,-13,-4,3,13,43,-3,-109,244,-27,49,3,3,3,3,370
4.02,-12,-1,0,13,45,52,253,261,-18,32,3,3,3,3,370
4.02,-13,0,0,9,6,-21,36,145,-60,-8,3,3,3,3,370
4.02,-12,0,3,11,-41,-13,250,82,-27,-78,3,3,3,3,370
4.02,-13,-2,3,10,-22,-14,388,106,-35,-65,3,3,3,3,370
4.02,-12,-4,5,9,63,-11,-457,274,8,45,3,3,3,3,371
4.02,-13,-6,4,11,42,-90,-491,128,-53,-68,1,3,3,3,371
4.02,-13,-2,3,11,29,-3,101,235,-30,40,1,3,3,3,371
4.02,-12,-1,3,11,-3,-102,-238,166,-10,-24,0,3,3,3,371
4.02,-13,-3,1,12,51,-4,-459,342,-13,-30,3,3,3,3,371
4.02,-13,-2,3,12,37,-25,-266,235,16,4,3,3,3,3,371
4.02,-13,-2,5,10,46,-60,-86,214,6,11,2,3,3,3,371
4.02,-13,-2,3,11,-15,-36,132,220,-1,9,2,3,3,3,371
4.02,-13,-2,1,10,31,-13,24,288,-2,-38,3,3,3,3,371
4.02,-13,3,0,11,-76,-10,-46,168,28,42,0,3,3,3,371
4.02,-13,1,0,12,-15,-75,-201,173,42,24,1,3,3,3,371
4.02,-13,2,-3,10,-14,-50,97,194,67,27,0,3,3,3,371
4.02,-13,-1,2,11,13,-7,-293,57,-33,18,1,3,3,3,372
4.02,-13,0,0,11,8,-46,144,170,5,-24,3,3,3,3,372
4.02,-13,-2,4,10,-38,-73,-524,73,24,-9,3,3,3,3,372
4.02,-13,2,1,11,-61,-26,-201,83,11,8,3,3,3,3,372
4.02,-13,-7,5,15,-110,-76,-166,144,38,18,2,3,3,3,372
4.02,-13,0,4,10,-44,-44,13,194,67,-7,3,3,3,3,372
4.02,-13,-3,2,11,0,76,122,128,-7,62,3,3,3,3,372
4.02,-13,-6,4,10,-25,-110,-334,266,48,-86,2,3,3,3,372
4.02,-13,-1,3,10,27,-93,-225,271,19,-75,2,3,3,3,372
4.02,-13,3,-1,11,65,52,-68,78,-57,109,2,3,3,3,372
4.02,-13,0,8,12,-51,-139,-434,95,-39,-50,2,3,3,3,372
4.02,-13,-2,2,13,41,-44,-86,190,-7,18,3,3,3,3,372
4.02,-13,-1,0,12,66,6,52,226,7,-3,3,3,3,3,373
4.02,-13,0,0,11,-31,44,152,78,-39,43,3,3,3,3,373
4.02,-13,-1,2,9,11,-51,-190,319,-11,-90,3,3,3,3,373
4.02,-13,-2,2,11,60,-1,154,131,-54,123,3,3,3,3,373
4.02,-14,1,1,9,-30,18,-258,257,67,120,2,3,3,3,373
4.02,-13,2,-1,12,15,74,-228,281,67,86,3,3,3,3,373
4.02,-13,-5,3,11,53,-16,-233,304,46,-3,1,3,3,3,373
4.02,-13,-4,0,12,30,22,-65,277,44,27,3,3,3,3,373
4.02,-13,0,1,9,-26,-60,-87,135,-69,-129,3,3,3,3,373
4.02,-14,0,0,11,41,1,-157,174,-26,123,3,3,3,3,373
4.02,-14,1,2,10,-30,-25,-234,292,51,176,3,3,3,3,373
4.02,-14,0,0,13,-2,66,202,205,2,115,3,3,3,3,374
4.02,-14,-3,3,11,31,-27,254,125,-64,-143,3,3,3,3,374
4.02,-14,0,2,11,30,-16,32,120,-62,-128,3,3,3,3,374
4.02,-14,3,2,11,-52,-33,107,235,64,114,3,3,3,3,374
4.01,-14,-5,4,12,38,-64,20,335,11,-117,3,3,3,3,374
4.02,-14,-1,2,12,-34,-68,-351,90,-30,-97,3,3,3,3,374
4.02,-14,-3,1,10,-54,70,479,348,57,-94,3,3,3,3,374
4.02,-14,0,3,9,-62,21,158,25,31,-78,3,3,3,3,374
4.02,-14,0,0,10,-26,8,60,330,72,-68,3,3,3,3,374
4.02,-14,-2,3,10,33,16,-187,263,12,66,3,3,3,3,374
4.02,-14,1,-1,12,-52,13,-107,0,55,-99,3,3,3,3,374
4.02,-14,-3,1,12,34,4,245,141,-58,156,3,3,3,3,374
4.02,-14,-2,1,10,8,-20,183,325,15,-134,3,3,3,3,375
4.02,-15,-4,3,12,-4,-33,-132,306,35,-107,3,3,3,3,375
4.02,-15,-1,4,11,-55,-19,363,211,60,109,3,3,3,3,375
4.02,-15,-3,2,10,36,-15,-287,316,13,-46,3,3,3,3,375
4.02,-15,0,1,11,-46,18,224,48,2,-52,1,3,3,3,375
4.02,-15,-1,3,11,-26,-64,-92,173,1,24,3,3,3,3,375
4.02,-15,-2,1,9,-13,71,281,349,-6,-31,3,3,3,3,375
4.02,-15,1,0,12,-21,57,19,16,-3,-33,3,3,3,3,375
4.02,-15,2,-1,11,-16,13,-90,16,0,-24,3,3,3,3,375
4.02,-15,0,1,13,-33,33,99,260,51,48,3,3,3,3,375
4.01,-15,-2,3,12,-3,-41,-62,112,-76,-38,3,3,3,3,375
4.01,-15,-1,0,12,56,32,-1,98,-80,89,2,3,3,3,375
4.01,-15,0,1,11,48,-6,-161,57,-76,-7,3,3,3,3,376
4.01,-15,-2,2,10,24,1,-30,56,-72,11,1,3,3,3,376
4.01,-15,-2,1,11,42,-48,-457,243,-12,-10,2,3,3,3,376
4.01,-15,-3,4,10,16,-60,-311,157,-25,-5,3,3,3,3,376
4.01,-16,-1,2,11,49,-14,-7,173,-47,26,1,3,3,3,376
4.01,-16,-2,2,11,16,-21,187,329,-20,-73,2,3,3,3,376
4.01,-16,0,2,10,-52,-10,-148,185,60,-3,2,3,3,3,376
4.01,-16,-3,1,10,-7,17,232,280,-3,-22,1,3,3,3,376
4.01,-16,0,2,9,-36,20,269,294,37,-5,3,3,3,3,376
4.02,-16,-1,3,14,0,-34,212,84,-22,-28,2,3,3,3,376
4.01,-16,0,2,8,-36,-31,-185,9,14,-62,2,3,3,3,376
4.01,-16,-2,0,11,22,-23,-208,128,-41,53,3,3,3,3,376
4.01,-16,-3,2,11,29,15,298,292,-11,-49,3,3,3,3,377
4.01,-16,-1,2,11,58,16,-250,270,-27,9,3,3,3,3,377
4.01,-17,-1,0,10,28,38,299,235,-18,20,3,3,3,3,377
4.01,-17,-1,0,11,-15,29,127,256,32,21,2,3,3,3,377
4.01,-17,0,1,12,-22,6,-28,152,6,61,3,3,3,3,377
4.01,-17,0,1,13,-26,-43,-8,201,33,-20,3,3,3,3,377
4.01,-17,1,0,11,-47,15,-97,70,8,9,3,3,3,3,377
4.01,-17,-2,2,11,33,-3,-325,257,-2,23,2,3,3,3,377
4.01,-17,1,0,11,40,18,-72,119,-47,30,1,3,3,3,377
4.01,-17,0,1,11,-8,-18,117,278,24,-37,1,3,3,3,377
4.01,-17,-2,2,10,-23,-16,210,170,-3,-37,3,3,3,3,377
4.01,-17,-2,0,10,68,15,-145,287,-36,20,3,3,3,3,377
4.01,-17,-1,0,11,47,22,77,231,-31,27,3,3,3,3,378
4.01,-17,0,0,11,34,-32,-109,119,-31,-39,2,3,3,3,378
4.01,-18,1,0,12,-19,31,-185,286,38,39,1,3,3,3,378
4.01,-18,1,0,10,-7,-44,54,247,5,-20,2,3,3,3,378
4.01,-18,0,6,10,0,-74,-100,174,6,-41,3,3,3,3,378
4.01,-18,-2,2,10,12,-15,123,142,-18,-33,0,3,3,3,378
4.01,-18,0,0,12,-11,62,-19,255,8,31,3,3,3,3,378
4.01,-18,0,0,12,32,33,56,78,-22,8,3,3,3,3,378
4.01,-18,0,1,12,14,-20,24,263,-13,-17,3,3,3,3,378
4.01,-18,-2,1,11,49,-30,-209,198,-31,-16,0,3,3,3,378
4.01,-18,0,2,10,19,-8,-163,41,-12,-30,2,3,3,3,378
4.01,-18,-1,0,10,37,22,106,53,-49,0,3,3,3,3,378
4.01,-19,-2,0,9,-18,22,170,182,-11,6,2,3,3,3,379
4.01,-19,-4,3,9,9,-64,-326,288,0,-58,2,3,3,3,379
4.01,-19,0,1,10,-24,-4,-196,44,6,4,2,3,3,3,379
4.01,-19,-2,3,11,-22,-50,-254,15,11,-41,3,3,3,3,379
4.01,-19,0,0,9,-23,6,88,99,1,33,3,3,3,3,379
4.01,-19,-1,1,10,0,23,41,314,1,28,1,3,3,3,379
4.01,-19,-1,2,12,10,-60,-131,50,-5,-61,3,3,3,3,379
4.01,-19,1,0,12,-4,-48,-113,12,5,-39,2,3,3,3,379
4.01,-19,0,1,10,-29,-23,-41,216,12,-16,3,3,3,3,379
4.01,-19,0,1,10,0,-51,-18,209,-31,-34,3,3,3,3,379
4.01,-19,-1,2,11,28,-35,58,204,-34,-17,2,3,3,3,379
4.00,-19,-1,2,12,-28,-10,-256,321,32,24,0,3,3,3,379
4.00,-19,0,2,10,-10,-13,6,283,-2,-7,0,3,3,3,380
4.00,-20,0,1,10,4,-2,90,105,21,-20,1,3,3,3,380
4.00,-20,-1,2,10,-19,-10,127,265,16,-10,0,3,3,3,380
4.00,-20,0,0,12,45,8,-53,74,-37,39,0,3,3,3,380
4.01,-20,-2,1,9,42,-28,-284,261,-60,-23,0,3,3,3,380
4.01,-20,0,0,10,25,-5,68,140,-28,-14,0,3,3,3,380
4.00,-20,1,0,11,11,15,15,133,-2,9,0,3,3,3,380
4.00,-20,-1,2,10,35,0,96,35,-60,-12,1,3,3,3,380
4.00,-20,-3,1,10,28,21,305,296,-41,-14,1,3,3,3,380
4.00,-20,-1,0,10,29,30,117,210,-22,-7,2,3,3,3,380
4.00,-21,0,1,12,-22,20,-131,252,37,19,2,3,3,3,380
4.00,-21,2,0,10,6,-36,-120,29,-22,-58,3,3,3,3,380
4.00,-21,0,1,11,-41,-30,72,205,35,-19,2,3,3,3,381
4.00,-21,-1,1,11,-18,0,167,79,14,-17,1,3,3,3,381
4.00,-21,-2,2,10,21,-12,76,85,-27,-61,2,3,3,3,381
4.00,-21,0,0,12,-29,4,138,309,34,-22,3,3,3,3,381
4.00,-21,-2,2,9,-10,-6,167,250,26,-29,0,3,3,3,381
4.00,-21,-1,0,10,52,-5,-158,167,-61,9,0,3,3,3,381
4.00,-21,0,0,10,10,-28,-152,285,-1,-15,0,3,3,3,381
4.00,-21,0,1,9,-21,-14,26,67,12,-21,1,3,3,3,381
4.00,-21,0,0,12,25,14,-47,103,-41,1,0,3,3,3,381
4.00,-21,-1,2,11,-15,-37,-128,193,27,-8,0,3,3,3,381
4.00,-21,-2,3,10,5,-57,-200,192,6,-53,0,3,3,3,381
4.00,-21,-1,1,11,42,-42,-104,191,-18,-45,0,3,3,3,381
4.00,-21,0,1,10,22,-33,-36,45,-7,-33,1,3,3,3,382
4.00,-21,-1,2,11,-12,-36,54,344,8,-66,2,3,3,3,382
4.00,-22,0,0,12,33,18,-31,56,-39,2,0,3,3,3,382
4.00,-22,-1,1,11,22,-7,24,251,-11,-15,0,3,3,3,382
4.00,-22,-1,1,10,36,-39,-119,355,0,-38,0,3,3,3,382
4.00,-22,-1,1,10,6,-19,132,249,16,-19,0,3,3,3,382
4.00,-22,1,1,11,-27,-32,-112,167,21,-3,3,3,3,3,382
4.00,-22,0,0,10,18,-19,12,119,1,-25,0,3,3,3,382
4.00,-22,0,0,11,23,-9,-96,18,-12,-16,0,3,3,3,382
4.00,-22,0,1,11,22,-6,1,302,-15,-21,2,3,3,3,382
4.00,-22,-1,1,11,20,-1,64,42,-10,-17,0,3,3,3,382
4.00,-22,0,0,10,26,10,-34,60,-27,0,0,3,3,3,382
4.00,-22,-1,1,10,36,4,-69,348,-54,16,0,3,3,3,383
4.00,-22,0,1,11,-17,-31,-122,99,16,-6,0,3,3,3,383
4.00,-23,0,1,10,2,2,-184,142,-18,6,0,3,3,3,383
4.00,-23,-1,2,10,-11,-41,-106,241,18,-41,0,3,3,3,383
4.00,-23,0,1,10,-10,-12,48,203,13,-6,1,3,3,3,383
4.00,-23,0,1,10,-2,-33,-45,280,14,-20,0,3,3,3,383
4.00,-23,-1,0,12,-5,14,-148,64,-15,37,0,3,3,3,383
4.00,-23,-1,1,9,-4,-9,159,69,2,-11,2,3,3,3,383
4.00,-23,0,1,10,-5,8,-64,176,4,-1,0,3,3,3,383
4.00,-23,0,0,9,29,24,-8,228,-18,-4,1,3,3,3,383
4.00,-23,-1,0,11,17,-4,-24,97,-40,0,0,3,3,3,383
4.00,-23,0,0,12,29,19,-84,90,-22,22,0,3,3,3,383
4.00,-23,0,1,11,16,-49,-59,192,13,-46,2,3,3,3,384
4.00,-23,0,1,11,19,-31,3,171,-10,-30,1,3,3,3,384
4.00,-23,-1,2,10,0,-47,-145,288,14,-17,0,3,3,3,384
4.00,-23,-1,2,10,0,-39,-157,219,9,-14,2,3,3,3,384
4.00,-23,0,2,11,-10,-58,-98,40,25,-47,1,3,3,3,384
4.00,-23,-1,2,11,11,-36,-27,339,3,-28,2,3,3,3,384
4.00,-23,0,2,11,21,-30,-100,340,-9,-37,0,3,3,3,384
4.00,-23,0,1,11,-10,-27,59,204,12,-22,0,3,3,3,384
4.00,-23,-1,0,11,29,1,43,132,-9,-21,3,3,3,3,384
4.00,-23,0,2,11,-19,-21,-289,298,26,-5,2,3,3,3,384
4.00,-23,0,1,10,38,-37,-154,285,-2,-34,0,3,3,3,384
4.00,-23,-1,2,11,18,-38,-16,234,4,-30,1,3,3,3,384
4.00,-23,-1,1,11,17,-27,8,102,0,-22,3,3,3,3,385
4.00,-24,-1,1,11,5,-39,-61,299,8,-14,0,3,3,3,385
4.00,-24,0,1,9,-1,-36,-81,240,10,-17,0,3,3,3,385
4.00,-24,0,1,12,9,-42,41,172,21,-26,3,3,3,3,385
4.00,-24,0,0,10,-10,29,91,279,13,9,2,3,3,3,385
4.00,-24,0,2,10,36,-55,-48,56,-46,-68,3,3,3,3,385
4.00,-24,-1,3,11,-5,-25,76,235,19,-17,0,3,3,3,385
4.00,-24,-1,2,11,-3,-51,-57,202,11,-17,2,3,3,3,385
4.00,-24,0,2,10,-25,-39,-89,89,15,-11,0,3,3,3,385
4.00,-24,-1,1,11,-2,-27,85,2,9,-32,1,3,3,3,385
4.00,-24,-1,2,10,2,-29,-28,278,1,-14,0,3,3,3,385
4.00,-24,0,2,11,-8,-28,-17,194,10,-11,0,3,3,3,385
4.00,-24,-1,2,11,9,-42,-65,172,7,-18,2,3,3,3,386
4.00,-24,0,2,10,-8,-37,-11,290,17,-16,0,3,3,3,386
4.00,-24,0,2,10,-7,-33,-21,268,13,-12,0,3,3,3,386
4.00,-24,-1,2,11,21,-26,-6,346,-17,-36,0,3,3,3,386
4.00,-24,-1,1,9,9,-32,-76,222,2,-19,2,3,3,3,386
4.00,-24,-1,2,10,4,-24,-14,314,-2,-12,3,3,3,3,386
4.00,-24,-1,1,10,14,-14,80,269,3,-20,0,3,3,3,386
4.00,-24,1,0,11,-28,24,38,88,3,11,0,3,3,3,386
4.00,-24,0,1,10,5,-42,-34,107,5,-11,1,3,3,3,386
4.00,-24,0,2,11,-13,-33,-21,268,8,-11,1,3,3,3,386
4.00,-24,-1,2,11,-6,-36,-7,244,10,-11,0,3,3,3,386
4.00,-25,0,1,11,11,-40,-131,258,15,-32,1,3,3,3,387
4.00,-25,-1,1,11,13,-14,57,211,-6,-17,1,3,3,3,387
4.00,-25,-1,2,10,10,-34,-123,322,8,-24,0,3,3,3,387
4.00,-25,0,1,9,-13,-26,-132,129,7,0,0,3,3,3,387
4.00,-25,0,1,11,-18,-42,-97,172,12,-5,0,3,3,3,387
4.00,-25,0,2,11,-15,-27,53,271,14,-8,0,3,3,3,387
4.00,-25,0,0,11,20,37,57,62,-18,-1,0,3,3,3,387
4.00,-25,-1,1,11,27,-15,-107,297,-4,-14,0,3,3,3,387
4.00,-25,0,0,11,28,0,46,293,-6,-17,1,3,3,3,387
4.00,-25,0,0,11,34,-13,-74,156,-7,-15,1,3,3,3,387
4.00,-25,-1,0,10,25,3,-71,27,-19,-16,0,3,3,3,387
4.00,-25,0,0,11,25,5,39,336,-11,-14,0,3,3,3,387
4.00,-25,-2,1,10,30,-18,-58,278,-9,-16,0,3,3,3,388
4.00,-25,-1,1,11,13,-19,-43,14,0,-14,1,3,3,3,388
4.00,-25,-1,2,10,12,-35,68,286,4,-30,0,3,3,3,388
3.99,-25,-1,1,9,21,-38,-155,254,7,-37,0,3,3,3,388
4.00,-25,0,2,10,10,-31,-36,253,9,-19,2,3,3,3,388
4.00,-25,0,1,10,17,-35,-59,94,-2,-27,0,3,3,3,388
4.00,-25,0,1,10,0,-27,-116,284,9,-19,0,3,3,3,388
4.00,-25,0,1,9,-22,12,-10,10,0,6,0,3,3,3,388
4.00,-25,0,2,10,2,-28,-32,352,8,-22,3,3,3,3,388
3.99,-25,-1,2,9,-4,-45,-182,241,18,-22,0,3,3,3,388
3.99,-25,0,2,9,-8,-46,-100,200,24,-35,0,3,3,3,388
3.99,-25,0,0,10,-10,-15,-41,174,-3,-11,3,3,3,3,388
3.99,-25,0,2,10,-45,2,92,166,14,10,3,3,3,3,389
3.99,-25,0,0,10,13,-31,-159,254,-10,-14,0,3,3,3,389
3.99,-25,-1,1,10,11,-24,-10,81,-1,-12,1,3,3,3,389
3.99,-25,0,0,9,30,2,26,46,-33,-8,2,3,3,3,389
3.99,-25,0,0,10,3,3,106,77,15,-8,2,3,3,3,389
3.99,-25,0,0,10,-4,6,2,210,-2,0,2,3,3,3,389
3.99,-25,-1,2,10,0,-42,-8,184,9,-24,2,3,3,3,389
3.99,-25,0,0,11,-25,10,-81,3,17,-2,2,3,3,3,389
3.99,-25,-1,1,10,-17,16,90,294,17,-19,0,3,3,3,389
3.99,-25,0,1,10,-29,-26,-195,135,30,30,0,3,3,3,389
3.99,-25,-1,1,8,-13,7,245,93,13,-20,2,3,3,3,389
3.99,-25,0,1,10,2,4,-62,165,-11,8,0,3,3,3,389
3.99,-25,-2,1,10,25,-20,-107,249,-16,-36,1,3,3,3,390
3.99,-25,0,1,10,13,-18,69,4,6,-27,2,3,3,3,390
3.99,-25,0,1,9,-9,-9,-46,352,1,-5,2,3,3,3,390
3.99,-25,-1,0,10,22,2,86,58,-6,-17,0,3,3,3,390
3.99,-25,-1,1,10,14,-30,-78,273,2,-15,0,3,3,3,390
3.99,-24,0,0,9,4,14,-2,239,-3,-9,3,3,3,3,390
3.99,-25,0,1,10,-8,-10,30,283,13,-10,0,3,3,3,390
3.99,-24,0,0,10,11,-3,20,289,-4,-10,0,3,3,3,390
3.99,-24,0,1,10,-17,-34,-96,277,16,-4,0,3,3,3,390
3.99,-24,-1,1,9,19,-9,43,305,-6,-17,1,3,3,3,390
3.99,-24,-1,0,10,20,-10,-90,215,-20,-21,1,3,3,3,390
3.99,-24,0,1,10,-7,-13,-148,212,11,7,0,3,3,3,390
3.99,-24,0,0,10,-7,15,-52,53,-19,15,0,3,3,3,391
3.99,-24,0,1,9,1,-17,13,70,3,-10,3,3,3,3,391
4.00,-24,0,1,11,25,-7,-33,120,-47,20,2,3,3,3,391
3.99,-24,1,0,11,8,11,-62,112,-6,27,0,3,3,3,391
3.99,-24,0,1,10,-26,-11,12,24,20,-2,0,3,3,3,391
3.99,-24,-1,1,10,34,0,-167,87,-35,-8,0,3,3,3,391
3.99,-24,-1,0,10,19,16,77,359,-16,-6,0,3,3,3,391
3.99,-24,0,0,10,38,-18,-220,256,-21,29,2,3,3,3,391
3.99,-24,0,0,9,-4,-2,51,303,0,-3,0,3,3,3,391
3.99,-24,0,1,9,-12,-15,-170,26,9,2,2,3,3,3,391
3.99,-24,-1,1,9,30,-12,121,10,-19,-46,0,3,3,3,391
3.99,-24,-1,0,9,13,-13,-40,300,-3,-9,0,3,3,3,391
4.00,-24,-1,2,10,-8,-28,9,74,16,-21,0,3,3,3,392
3.99,-24,0,0,9,15,5,11,47,-4,-8,0,3,3,3,392
4.00,-24,0,1,11,16,5,-172,16,-32,-5,0,3,3,3,392
3.99,-24,0,2,10,-13,-53,-182,211,16,-11,0,3,3,3,392
4.00,-24,-1,2,10,7,-25,-59,358,-3,-16,2,3,3,3,392
4.00,-23,0,1,10,1,-22,-63,248,12,-23,0,3,3,3,392
3.99,-23,-1,1,11,27,-21,-80,271,-4,-20,3,3,3,3,392
4.00,-23,-2,1,10,24,-26,-65,42,-4,-29,2,3,3,3,392
3.99,-23,0,0,10,16,-14,-40,355,-5,-11,0,3,3,3,392
3.99,-23,0,0,10,-1,16,-62,46,-7,0,2,3,3,3,392
3.99,-23,-1,1,9,-3,-29,-71,355,1,-9,0,3,3,3,392
3.99,-23,-1,2,11,7,-33,-16,305,4,-23,0,3,3,3,392
3.99,-23,-1,1,10,11,-25,-74,245,0,-12,0,3,3,3,393
4.00,-23,0,1,10,-8,-23,70,62,12,-12,3,3,3,3,393
4.00,-23,-1,1,10,27,-11,61,345,0,-26,0,3,3,3,393
4.00,-23,-1,0,11,34,3,-25,3,-18,-15,0,3,3,3,393
4.00,-23,-1,0,11,20,-23,-63,284,-6,-16,0,3,3,3,393
4.00,-23,-1,1,9,12,-34,-115,65,5,-18,2,3,3,3,393
4.00,-23,0,0,9,1,-2,-69,345,-2,-7,0,3,3,3,393
4.00,-23,-1,1,10,39,-3,-59,297,-10,-18,0,3,3,3,393
4.00,-23,-1,0,10,31,-15,-50,322,-5,-14,0,3,3,3,393
4.00,-22,0,0,10,17,-1,47,13,-5,-11,1,3,3,3,393
4.00,-22,0,0,10,5,13,-19,350,-6,-2,2,3,3,3,393
4.00,-22,0,0,9,25,4,-61,189,-12,-2,2,3,3,3,393
4.00,-22,-1,1,10,13,-12,-135,6,-10,-18,0,3,3,3,394
4.00,-22,0,0,9,9,15,20,265,-5,-8,1,3,3,3,394
4.00,-22,-1,1,12,26,7,20,65,-8,-17,2,3,3,3,394
4.00,-22,0,0,9,5,11,116,305,-6,-7,3,3,3,3,394
4.00,-22,-1,1,10,12,-23,-138,198,-4,-30,0,3,3,3,394
4.00,-22,0,1,9,-15,3,55,184,2,-2,0,3,3,3,394
4.00,-22,0,0,10,22,-3,-53,294,-10,-12,0,3,3,3,394
4.00,-22,0,0,10,8,-21,-117,86,0,-10,2,3,3,3,394
4.00,-21,0,0,8,-8,-1,55,51,1,-1,0,3,3,3,394
4.00,-21,0,2,9,-9,-1,4,302,1,-9,0,3,3,3,394
4.00,-21,0,1,10,43,-7,-197,32,-33,12,2,3,3,3,394
4.00,-21,0,0,9,12,-9,-100,11,-3,-8,0,3,3,3,394
4.00,-21,-1,1,11,-11,-11,216,210,10,-24,0,3,3,3,395
4.00,-21,0,0,9,8,-26,12,75,0,-26,3,3,3,3,395
4.00,-21,0,0,10,14,14,57,80,-12,-3,0,3,3,3,395
4.00,-21,-1,2,11,-22,-30,-76,167,11,-6,0,3,3,3,395
4.00,-20,-1,1,10,-1,-16,103,119,2,-8,3,3,3,3,395
4.00,-20,0,1,10,4,0,-74,64,-7,-7,0,3,3,3,395
4.00,-20,-1,2,11,2,-16,83,171,8,-17,3,3,3,3,395
4.00,-20,0,0,9,-7,-7,38,91,3,-8,1,3,3,3,395
4.00,-20,0,0,10,12,2,61,316,-5,-8,0,3,3,3,395
4.00,-20,0,0,10,23,0,-61,225,-7,-10,1,3,3,3,395
4.00,-20,-1,1,10,17,-3,-121,104,-13,-8,0,3,3,3,395
4.00,-20,-2,2,10,-4,-44,-283,170,6,-11,1,3,3,3,395
4.00,-20,0,1,9,30,-6,-181,119,-24,-9,2,3,3,3,396
4.00,-19,0,1,9,-7,5,148,199,5,-5,0,3,3,3,396
4.00,-19,-1,1,10,17,-23,-14,179,-12,-27,1,3,3,3,396
4.00,-19,0,1,9,13,-27,-48,319,-2,-14,0,3,3,3,396
4.00,-19,0,0,10,11,11,42,20,-15,-6,2,3,3,3,396
4.00,-19,0,0,9,8,0,7,94,-6,-8,2,3,3,3,396
4.00,-19,-1,0,10,27,2,76,300,-11,-16,3,3,3,3,396
4.00,-19,0,1,9,12,-21,-53,49,13,-15,2,3,3,3,396
4.00,-19,0,2,9,-10,-15,29,235,3,-9,0,3,3,3,396
4.00,-19,0,0,11,30,9,-104,305,-23,-19,2,3,3,3,396
4.00,-19,-1,1,9,4,-5,-26,72,-7,-11,1,3,3,3,396
4.00,-19,-1,1,10,21,-22,-25,290,-2,-18,3,3,3,3,396
4.00,-18,-1,0,9,37,-33,-242,284,-26,-10,0,3,3,3,397
4.00,-18,0,2,9,3,-23,-115,276,1,-7,0,3,3,3,397
4.00,-18,0,1,10,26,-20,-91,310,-7,-17,0,3,3,3,397
4.00,-18,0,0,10,4,9,-67,130,-16,-1,3,3,3,3,397
4.00,-18,-1,0,10,13,-5,-79,354,-23,-16,0,3,3,3,397
4.00,-18,0,1,9,-6,3,-47,14,-9,4,1,3,3,3,397
4.00,-18,-1,1,10,3,-23,-36,303,0,-11,0,3,3,3,397
4.00,-18,0,2,10,-15,-27,-104,149,13,-3,0,3,3,3,397
4.00,-17,0,1,9,-3,-16,-74,279,2,-6,1,3,3,3,397
4.00,-17,0,0,10,18,0,-123,2,-15,-10,2,3,3,3,397
4.00,-17,0,0,9,21,11,-4,148,-2,-6,3,3,3,3,397
4.00,-17,0,1,10,-11,-13,-144,229,23,2,0,3,3,3,397
4.00,-17,0,1,10,4,-21,-30,196,3,-17,0,3,3,3,398
4.00,-17,-1,1,10,-5,-39,-188,327,10,-16,0,3,3,3,398
4.00,-17,-1,2,10,0,-29,7,276,4,-18,0,3,3,3,398
4.00,-17,0,1,9,4,-1,-22,300,-2,-8,3,3,3,3,398
4.00,-16,0,0,9,1,9,29,332,-3,-3,0,3,3,3,398
4.00,-16,0,0,10,15,-11,22,22,-3,-11,2,3,3,3,398
4.00,-16,0,1,9,-11,2,-12,109,2,-2,1,3,3,3,398
4.00,-16,-1,1,10,14,-5,73,168,-2,-18,2,3,3,3,398
4.00,-16,0,0,11,21,0,-26,109,-17,-5,3,3,3,3,398
4.00,-16,0,0,10,20,6,-49,346,-4,-9,0,3,3,3,398
4.00,-16,0,0,10,25,-16,-119,240,-10,-20,2,3,3,3,398
4.00,-15,0,0,10,-7,3,35,104,-1,-2,0,3,3,3,398
4.00,-15,0,0,8,-2,0,92,102,10,-1,2,3,3,3,399
4.00,-15,0,2,9,-15,-1,-18,211,11,-8,3,3,3,3,399
4.00,-15,0,1,10,8,-13,44,218,2,-13,3,3,3,3,399
4.00,-15,0,0,10,19,13,102,261,-8,-8,1,3,3,3,399
4.00,-15,-1,1,9,2,-26,-159,301,11,-21,0,3,3,3,399
4.00,-15,0,1,9,14,6,36,315,-6,-8,2,3,3,3,399
4.00,-15,0,2,10,-9,-21,-161,346,27,-29,3,3,3,3,399
4.00,-14,0,1,9,-7,1,18,207,0,-5,2,3,3,3,399
4.00,-14,0,0,9,0,0,85,212,0,-7,1,3,3,3,399
4.00,-14,-1,2,9,-30,12,87,184,-7,-1,0,3,3,3,399
4.00,-14,0,0,10,17,11,101,49,4,-26,0,3,3,3,399
4.01,-14,0,0,10,16,10,-8,194,0,-13,1,3,3,3,400
4.01,-14,0,1,11,-24,-34,-20,129,-2,9,3,3,3,3,400
4.01,-13,0,1,10,-21,4,98,182,-5,1,0,3,3,3,400
4.01,-13,0,1,9,-2,0,-25,77,-1,-5,3,3,3,3,400
4.01,-13,0,0,8,-2,-19,47,303,7,4,0,3,3,3,400
4.01,-13,0,1,10,-22,-7,3,273,-3,-3,0,3,3,3,400
4.01,-13,0,2,10,-12,1,-13,92,-5,-5,2,3,3,3,400
4.01,-13,-1,1,10,-17,-5,82,218,-3,-1,0,3,3,3,400
4.00,-13,0,1,10,-17,20,60,231,-11,-1,0,3,3,3,400
4.01,-12,0,0,10,20,-24,-77,197,22,8,2,3,3,3,400
4.01,-12,0,1,9,-17,24,120,155,-6,-4,0,3,3,3,400
4.01,-12,0,0,10,10,3,3,91,0,-11,3,3,3,3,400
4.01,-12,-1,1,9,-4,2,41,224,-3,-4,0,3,3,3,401
4.01,-12,0,0,10,21,-6,85,185,6,-3,3,3,3,3,401
4.01,-12,0,1,11,-11,36,11,356,-5,-41,1,3,3,3,401
4.01,-12,0,0,9,-11,19,146,359,-3,-8,2,3,3,3,401
4.01,-11,0,0,9,-2,-5,-65,175,1,-5,2,3,3,3,401
4.01,-11,1,1,8,-5,6,82,129,10,-35,0,3,3,3,401
4.01,-11,-1,1,9,9,-17,-61,128,-1,-6,3,3,3,3,401
4.01,-11,-1,2,10,3,39,305,15,13,-32,2,3,3,3,401
4.01,-11,0,2,8,3,36,142,236,-3,-21,0,3,3,3,401
4.01,-11,0,1,9,-17,10,123,161,-2,0,2,3,3,3,401
4.01,-10,0,1,10,-8,28,61,135,-10,-10,0,3,3,3,401
4.01,-10,0,0,10,8,35,105,202,-14,-21,2,3,3,3,401
4.01,-10,0,0,9,-12,-9,120,260,1,0,0,3,3,3,402
4.01,-10,-1,1,9,-6,19,186,173,-11,-7,3,3,3,3,402
4.01,-10,0,0,9,-6,1,-80,127,0,0,0,3,3,3,402
4.01,-10,0,0,9,4,0,-24,151,0,-15,2,3,3,3,402
4.01,-9,-2,2,10,-17,-9,172,163,0,14,0,3,3,3,402
4.01,-9,0,0,10,-14,30,17,58,-14,-23,0,3,3,3,402
4.02,-9,-1,1,9,3,20,162,339,0,0,1,3,3,3,402
4.02,-9,0,1,9,7,9,-64,95,0,-10,1,3,3,3,402
4.01,-9,0,0,9,1,1,39,237,-2,-8,1,3,3,3,402
4.02,-9,0,0,9,-23,-17,84,177,-4,51,3,3,3,3,402
4.02,-8,0,0,9,2,8,57,32,-3,-9,2,3,3,3,402
4.02,-8,0,1,10,-18,24,89,113,-19,-4,0,3,3,3,402
4.02,-8,0,0,10,-3,24,86,104,-7,-12,0,3,3,3,403
4.02,-8,0,0,9,7,-3,-60,164,6,-4,1,3,3,3,403
4.02,-8,-2,2,9,-46,11,67,135,-44,22,2,3,3,3,403
4.02,-8,0,0,10,10,1,104,12,3,-10,1,3,3,3,403
4.02,-7,0,0,10,1,-1,111,236,2,-5,2,3,3,3,403
4.02,-7,0,0,10,14,-1,-202,49,16,-22,0,3,3,3,403
4.02,-7,0,1,10,-15,3,-169,345,-11,-10,2,3,3,3,403
4.02,-7,-1,1,9,-24,13,13,160,-18,-7,3,3,3,3,403
4.02,-7,0,1,9,-16,11,107,306,-15,-9,3,3,3,3,403
4.02,-7,-1,0,9,-7,-1,-11,248,0,1,0,3,3,3,403
4.02,-7,0,2,11,-10,30,212,153,-9,-26,0,3,3,3,403
4.02,-6,0,1,10,-27,-5,-54,326,-7,0,0,3,3,3,403
4.02,-6,0,1,9,-7,27,106,77,-13,-11,0,3,3,3,404
4.02,-6,0,0,10,9,-8,-46,29,2,-7,1,3,3,3,404
4.02,-6,0,1,10,-5,17,-3,10,-4,-9,3,3,3,3,404
4.02,-6,0,0,10,17,7,79,9,4,-14,0,3,3,3,404
4.02,-6,0,0,9,5,7,15,93,2,-6,2,3,3,3,404
4.02,-5,0,0,9,3,-1,0,33,1,-4,1,3,3,3,404
4.02,-5,-1,1,10,2,0,-3,149,7,-6,1,3,3,3,404
4.02,-5,0,1,9,-19,-2,20,229,-3,-3,0,3,3,3,404
4.02,-5,0,0,10,11,6,29,167,1,-11,1,3,3,3,404
4.02,-5,0,1,10,3,17,101,29,-4,-12,0,3,3,3,404
4.02,-5,-1,1,9,-6,-10,-3,258,-9,4,3,3,3,3,404
4.02,-5,0,1,9,3,3,61,58,4,-5,0,3,3,3,404
4.02,-4,-1,1,8,-12,17,218,125,-13,-19,2,3,3,3,405
4.02,-4,0,0,10,-3,7,57,280,16,-12,3,3,3,3,405
4.02,-4,0,0,9,3,8,-59,249,0,0,1,3,3,3,405
4.02,-4,-1,0,10,28,-18,-23,343,-8,-14,0,3,3,3,405
4.02,-4,0,0,10,20,-5,-73,346,-13,-9,0,3,3,3,405
4.02,-4,-1,1,9,7,-4,-118,332,-6,-10,3,3,3,3,405
4.02,-4,0,0,10,9,-6,5,5,0,-4,0,3,3,3,405
4.02,-4,-1,0,9,-6,11,193,103,-16,25,0,3,3,3,405
4.02,-3,-1,0,9,0,7,67,57,-6,-1,2,3,3,3,405
4.02,-3,0,1,11,-21,5,-92,310,-6,0,2,3,3,3,405
4.02,-3,0,0,9,10,-22,30,1,0,-20,1,3,3,3,405
4.02,-3,-1,1,9,8,-13,-120,317,-2,-10,0,3,3,3,405
4.02,-3,-1,0,9,1,-12,-46,12,-3,-2,0,3,3,3,406
4.02,-3,-2,2,10,-23,18,217,84,-19,5,2,3,3,3,406
4.02,-2,0,0,10,-12,-24,-58,272,17,12,3,3,3,3,406
4.02,-2,-1,2,9,-22,14,118,276,-9,2,1,3,3,3,406
4.02,-2,-2,1,11,-6,-12,91,181,2,8,0,3,3,3,406
4.02,-2,0,0,9,2,18,167,303,1,-5,3,3,3,3,406
4.02,-2,0,0,9,-2,-10,-43,192,0,-7,0,3,3,3,406
4.02,-2,0,0,11,6,15,75,271,-9,-1,2,3,3,3,406
4.02,-2,-1,2,9,-10,-22,-42,234,4,-10,0,3,3,3,406
4.02,-1,0,1,10,27,-4,-182,344,-17,-16,1,3,3,3,406
4.02,-1,0,0,11,13,-10,-45,356,4,-3,0,3,3,3,406
4.02,-1,0,0,9,3,9,36,179,-5,-6,3,3,3,3,406
4.02,-1,-1,2,9,-8,10,238,129,-4,-9,3,3,3,3,407
4.02,-1,0,0,9,-5,-10,-40,331,1,-4,0,3,3,3,407
4.02,-1,0,0,9,2,7,152,218,-15,-4,0,3,3,3,407
4.02,0,-1,1,8,16,0,-109,91,-10,-5,2,3,3,3,407
4.02,0,-1,1,9,-10,24,200,190,0,-3,2,3,3,3,407
4.02,0,0,0,10,9,-11,37,15,2,-3,0,3,3,3,407
4.02,1,0,1,10,-25,5,17,345,-11,0,0,3,3,3,407
4.02,1,0,1,10,-16,0,63,128,-5,-2,1,3,3,3,407
4.02,1,0,1,10,-14,-1,-149,221,-10,-1,1,3,3,3,407
4.02,1,0,0,9,2,-20,48,117,-1,15,1,3,3,3,407
4.02,1,0,1,10,-18,5,-23,145,-8,-4,0,3,3,3,407
4.02,1,0,1,10,-12,-4,99,269,1,0,0,3,3,3,407
4.02,1,0,1,9,-24,0,88,113,-6,7,2,3,3,3,408
4.02,2,0,1,9,-22,11,63,192,-6,-4,0,3,3,3,408
4.02,2,0,0,9,0,-11,110,24,4,-2,2,3,3,3,408
4.02,2,0,0,9,0,-34,-153,236,16,5,0,3,3,3,408
4.02,2,0,1,10,-7,11,-39,105,-8,-12,0,3,3,3,408
4.02,2,0,0,9,-8,-16,21,33,0,-1,3,3,3,3,408
4.02,2,-1,1,10,-13,-7,88,158,-4,1,0,3,3,3,408
4.02,2,0,0,9,-3,-2,126,53,3,-11,2,3,3,3,408
4.02,3,-1,2,9,-7,-2,27,127,-4,-4,0,3,3,3,408
4.02,3,0,0,10,0,-8,-139,35,12,-13,3,3,3,3,408
4.02,3,0,1,9,9,-1,-137,43,0,-10,0,3,3,3,408
4.02,3,1,1,10,4,14,34,84,-1,-23,0,3,3,3,408
4.02,3,0,0,9,17,-1,75,124,4,-4,0,3,3,3,409
4.02,3,-1,1,11,-12,-8,37,179,-3,0,0,3,3,3,409
4.02,3,0,1,9,-8,7,145,185,-4,0,2,3,3,3,409
4.02,4,0,1,9,-4,-2,-34,190,-3,-6,3,3,3,3,409
4.03,4,0,0,9,-7,1,167,154,-3,6,0,3,3,3,409
4.02,4,0,0,9,-10,-5,-37,354,-1,-3,1,3,3,3,409
4.02,4,0,1,11,-17,27,-26,33,-23,-11,0,3,3,3,409
4.03,4,0,0,9,0,6,-20,334,9,-5,3,3,3,3,409
4.03,4,0,1,9,-4,4,91,141,-5,-3,2,3,3,3,409
4.02,4,0,0,9,-1,-22,-76,44,0,0,1,3,3,3,409
4.03,4,-2,2,10,-11,0,103,166,-12,12,0,3,3,3,409
4.03,5,0,1,9,0,-18,-111,135,-5,-7,2,3,3,3,409
4.03,5,-1,2,8,0,-14,-133,194,-15,-6,3,3,3,3,410
4.03,5,0,1,9,-9,15,174,222,-13,-11,2,3,3,3,410
4.03,5,-1,1,9,-8,14,227,63,-28,-7,2,3,3,3,410
4.03,5,0,0,9,4,19,218,75,3,-12,1,3,3,3,410
4.03,6,0,1,9,-7,15,123,327,-21,-25,0,3,3,3,410
4.03,6,-8,-3,0,0,0,0,347,-67,85,3,3,3,3,410
